,store,date,shift,order_type,Num_orders,order_per_person,scheduled_staff,Staff_count,is_game_day
0,Camp Creek,2026-01-01,afternoon,delivery,17.0,8.5,3,2,0
1,Camp Creek,2026-01-01,afternoon,dine-in,17.0,8.5,3,2,0
2,Camp Creek,2026-01-01,afternoon,take-out,17.0,8.5,3,2,0
3,Camp Creek,2026-01-01,evening,delivery,7.0,7.0,2,1,0
4,Camp Creek,2026-01-01,evening,dine-in,8.0,8.0,2,1,0
5,Camp Creek,2026-01-01,evening,take-out,15.0,15.0,2,1,0
6,Camp Creek,2026-01-01,morning,delivery,4.0,4.0,2,1,0
7,Camp Creek,2026-01-01,morning,dine-in,19.0,19.0,2,1,0
8,Camp Creek,2026-01-01,morning,take-out,19.0,19.0,2,1,0
9,Camp Creek,2026-01-02,afternoon,delivery,6.0,6.0,3,1,0
10,Camp Creek,2026-01-02,afternoon,dine-in,26.0,26.0,3,1,0
11,Camp Creek,2026-01-02,afternoon,take-out,27.0,27.0,3,1,0
12,Camp Creek,2026-01-02,evening,delivery,8.0,8.0,2,1,0
13,Camp Creek,2026-01-02,evening,dine-in,14.0,14.0,2,1,0
14,Camp Creek,2026-01-02,evening,take-out,21.0,21.0,2,1,0
15,Camp Creek,2026-01-03,afternoon,delivery,18.0,18.0,4,1,0
16,Camp Creek,2026-01-03,afternoon,dine-in,20.0,20.0,4,1,0
17,Camp Creek,2026-01-03,afternoon,take-out,36.0,36.0,4,1,0
18,Camp Creek,2026-01-03,morning,delivery,13.0,13.0,3,1,0
19,Camp Creek,2026-01-03,morning,dine-in,12.0,12.0,3,1,0
20,Camp Creek,2026-01-03,morning,take-out,13.0,13.0,3,1,0
21,Camp Creek,2026-01-04,afternoon,delivery,12.0,6.0,4,2,0
22,Camp Creek,2026-01-04,afternoon,dine-in,39.0,19.5,4,2,0
23,Camp Creek,2026-01-04,afternoon,take-out,23.0,11.5,4,2,0
24,Camp Creek,2026-01-04,evening,delivery,12.0,6.0,3,2,0
25,Camp Creek,2026-01-04,evening,dine-in,12.0,6.0,3,2,0
26,Camp Creek,2026-01-04,evening,take-out,13.0,6.5,3,2,0
27,Camp Creek,2026-01-04,morning,delivery,1.0,0.5,3,2,0
28,Camp Creek,2026-01-04,morning,dine-in,20.0,10.0,3,2,0
29,Camp Creek,2026-01-04,morning,take-out,27.0,13.5,3,2,0
30,Camp Creek,2026-01-05,afternoon,delivery,9.0,9.0,3,1,0
31,Camp Creek,2026-01-05,afternoon,dine-in,16.0,16.0,3,1,0
32,Camp Creek,2026-01-05,afternoon,take-out,21.0,21.0,3,1,0
33,Camp Creek,2026-01-05,evening,delivery,6.0,3.0,2,2,0
34,Camp Creek,2026-01-05,evening,dine-in,15.0,7.5,2,2,0
35,Camp Creek,2026-01-05,evening,take-out,15.0,7.5,2,2,0
36,Camp Creek,2026-01-05,morning,delivery,1.0,1.0,2,1,0
37,Camp Creek,2026-01-05,morning,dine-in,10.0,10.0,2,1,0
38,Camp Creek,2026-01-05,morning,take-out,11.0,11.0,2,1,0
39,Camp Creek,2026-01-06,afternoon,delivery,3.0,1.0,3,3,0
40,Camp Creek,2026-01-06,afternoon,dine-in,26.0,8.67,3,3,0
41,Camp Creek,2026-01-06,afternoon,take-out,38.0,12.67,3,3,0
42,Camp Creek,2026-01-06,morning,delivery,1.0,1.0,2,1,0
43,Camp Creek,2026-01-06,morning,dine-in,6.0,6.0,2,1,0
44,Camp Creek,2026-01-06,morning,take-out,21.0,21.0,2,1,0
45,Camp Creek,2026-01-07,afternoon,delivery,7.0,7.0,3,1,0
46,Camp Creek,2026-01-07,afternoon,dine-in,24.0,24.0,3,1,0
47,Camp Creek,2026-01-07,afternoon,take-out,20.0,20.0,3,1,0
48,Camp Creek,2026-01-07,evening,delivery,15.0,15.0,2,1,0
49,Camp Creek,2026-01-07,evening,dine-in,7.0,7.0,2,1,0
50,Camp Creek,2026-01-07,evening,take-out,21.0,21.0,2,1,0
51,Camp Creek,2026-01-07,morning,delivery,6.0,6.0,2,1,0
52,Camp Creek,2026-01-07,morning,dine-in,9.0,9.0,2,1,0
53,Camp Creek,2026-01-07,morning,take-out,5.0,5.0,2,1,0
54,Camp Creek,2026-01-08,afternoon,delivery,6.0,2.0,3,3,0
55,Camp Creek,2026-01-08,afternoon,dine-in,21.0,7.0,3,3,0
56,Camp Creek,2026-01-08,afternoon,take-out,32.0,10.67,3,3,0
57,Camp Creek,2026-01-08,evening,dine-in,16.0,16.0,2,1,0
58,Camp Creek,2026-01-08,evening,take-out,26.0,26.0,2,1,0
59,Camp Creek,2026-01-09,afternoon,delivery,10.0,5.0,3,2,0
60,Camp Creek,2026-01-09,afternoon,dine-in,27.0,13.5,3,2,0
61,Camp Creek,2026-01-09,afternoon,take-out,18.0,9.0,3,2,0
62,Camp Creek,2026-01-09,evening,delivery,6.0,3.0,2,2,0
63,Camp Creek,2026-01-09,evening,dine-in,12.0,6.0,2,2,0
64,Camp Creek,2026-01-09,evening,take-out,27.0,13.5,2,2,0
65,Camp Creek,2026-01-10,afternoon,delivery,2.0,1.0,4,2,0
66,Camp Creek,2026-01-10,afternoon,dine-in,25.0,12.5,4,2,0
67,Camp Creek,2026-01-10,afternoon,take-out,27.0,13.5,4,2,0
68,Camp Creek,2026-01-10,evening,delivery,13.0,4.33,3,3,0
69,Camp Creek,2026-01-10,evening,dine-in,30.0,10.0,3,3,0
70,Camp Creek,2026-01-10,evening,take-out,11.0,3.67,3,3,0
71,Camp Creek,2026-01-10,morning,delivery,5.0,5.0,3,1,0
72,Camp Creek,2026-01-10,morning,dine-in,19.0,19.0,3,1,0
73,Camp Creek,2026-01-10,morning,take-out,18.0,18.0,3,1,0
74,Camp Creek,2026-01-11,afternoon,delivery,7.0,2.33,4,3,0
75,Camp Creek,2026-01-11,afternoon,dine-in,29.0,9.67,4,3,0
76,Camp Creek,2026-01-11,afternoon,take-out,20.0,6.67,4,3,0
77,Camp Creek,2026-01-11,evening,delivery,9.0,9.0,3,1,0
78,Camp Creek,2026-01-11,evening,dine-in,15.0,15.0,3,1,0
79,Camp Creek,2026-01-11,evening,take-out,17.0,17.0,3,1,0
80,Camp Creek,2026-01-11,morning,delivery,8.0,8.0,3,1,0
81,Camp Creek,2026-01-11,morning,dine-in,9.0,9.0,3,1,0
82,Camp Creek,2026-01-11,morning,take-out,18.0,18.0,3,1,0
83,Camp Creek,2026-01-12,afternoon,delivery,10.0,10.0,3,1,0
84,Camp Creek,2026-01-12,afternoon,dine-in,23.0,23.0,3,1,0
85,Camp Creek,2026-01-12,afternoon,take-out,14.0,14.0,3,1,0
86,Camp Creek,2026-01-12,morning,delivery,5.0,2.5,2,2,0
87,Camp Creek,2026-01-12,morning,dine-in,9.0,4.5,2,2,0
88,Camp Creek,2026-01-12,morning,take-out,21.0,10.5,2,2,0
89,Camp Creek,2026-01-13,afternoon,delivery,12.0,6.0,3,2,0
90,Camp Creek,2026-01-13,afternoon,dine-in,20.0,10.0,3,2,0
91,Camp Creek,2026-01-13,afternoon,take-out,27.0,13.5,3,2,0
92,Camp Creek,2026-01-13,morning,delivery,12.0,12.0,2,1,0
93,Camp Creek,2026-01-13,morning,dine-in,8.0,8.0,2,1,0
94,Camp Creek,2026-01-13,morning,take-out,10.0,10.0,2,1,0
95,Camp Creek,2026-01-14,afternoon,delivery,15.0,15.0,3,1,0
96,Camp Creek,2026-01-14,afternoon,dine-in,23.0,23.0,3,1,0
97,Camp Creek,2026-01-14,afternoon,take-out,17.0,17.0,3,1,0
98,Camp Creek,2026-01-14,evening,delivery,6.0,6.0,2,1,0
99,Camp Creek,2026-01-14,evening,dine-in,30.0,30.0,2,1,0
100,Camp Creek,2026-01-14,evening,take-out,11.0,11.0,2,1,0
101,Camp Creek,2026-01-15,afternoon,delivery,6.0,6.0,3,1,0
102,Camp Creek,2026-01-15,afternoon,dine-in,20.0,20.0,3,1,0
103,Camp Creek,2026-01-15,afternoon,take-out,44.0,44.0,3,1,0
104,Camp Creek,2026-01-15,evening,delivery,9.0,4.5,2,2,0
105,Camp Creek,2026-01-15,evening,dine-in,8.0,4.0,2,2,0
106,Camp Creek,2026-01-15,evening,take-out,22.0,11.0,2,2,0
107,Camp Creek,2026-01-15,morning,delivery,11.0,11.0,2,1,0
108,Camp Creek,2026-01-15,morning,dine-in,10.0,10.0,2,1,0
109,Camp Creek,2026-01-15,morning,take-out,5.0,5.0,2,1,0
110,Camp Creek,2026-01-16,afternoon,delivery,13.0,4.33,3,3,0
111,Camp Creek,2026-01-16,afternoon,dine-in,21.0,7.0,3,3,0
112,Camp Creek,2026-01-16,afternoon,take-out,31.0,10.33,3,3,0
113,Camp Creek,2026-01-16,evening,delivery,8.0,8.0,2,1,0
114,Camp Creek,2026-01-16,evening,dine-in,15.0,15.0,2,1,0
115,Camp Creek,2026-01-16,evening,take-out,9.0,9.0,2,1,0
116,Camp Creek,2026-01-17,afternoon,delivery,14.0,4.67,4,3,0
117,Camp Creek,2026-01-17,afternoon,dine-in,36.0,12.0,4,3,0
118,Camp Creek,2026-01-17,afternoon,take-out,24.0,8.0,4,3,0
119,Camp Creek,2026-01-17,evening,delivery,12.0,6.0,3,2,0
120,Camp Creek,2026-01-17,evening,dine-in,22.0,11.0,3,2,0
121,Camp Creek,2026-01-17,evening,take-out,16.0,8.0,3,2,0
122,Camp Creek,2026-01-17,morning,delivery,8.0,8.0,3,1,0
123,Camp Creek,2026-01-17,morning,dine-in,19.0,19.0,3,1,0
124,Camp Creek,2026-01-17,morning,take-out,10.0,10.0,3,1,0
125,Camp Creek,2026-01-18,afternoon,delivery,3.0,1.0,4,3,0
126,Camp Creek,2026-01-18,afternoon,dine-in,36.0,12.0,4,3,0
127,Camp Creek,2026-01-18,afternoon,take-out,20.0,6.67,4,3,0
128,Camp Creek,2026-01-18,evening,delivery,10.0,10.0,3,1,0
129,Camp Creek,2026-01-18,evening,dine-in,15.0,15.0,3,1,0
130,Camp Creek,2026-01-18,evening,take-out,22.0,22.0,3,1,0
131,Camp Creek,2026-01-19,afternoon,delivery,10.0,5.0,3,2,0
132,Camp Creek,2026-01-19,afternoon,dine-in,15.0,7.5,3,2,0
133,Camp Creek,2026-01-19,afternoon,take-out,32.0,16.0,3,2,0
134,Camp Creek,2026-01-19,evening,delivery,3.0,3.0,2,1,0
135,Camp Creek,2026-01-19,evening,dine-in,14.0,14.0,2,1,0
136,Camp Creek,2026-01-19,evening,take-out,15.0,15.0,2,1,0
137,Camp Creek,2026-01-19,morning,delivery,3.0,3.0,2,1,0
138,Camp Creek,2026-01-19,morning,dine-in,17.0,17.0,2,1,0
139,Camp Creek,2026-01-19,morning,take-out,15.0,15.0,2,1,0
140,Camp Creek,2026-01-20,afternoon,delivery,7.0,3.5,3,2,0
141,Camp Creek,2026-01-20,afternoon,dine-in,25.0,12.5,3,2,0
142,Camp Creek,2026-01-20,afternoon,take-out,23.0,11.5,3,2,0
143,Camp Creek,2026-01-20,evening,delivery,10.0,5.0,2,2,0
144,Camp Creek,2026-01-20,evening,dine-in,17.0,8.5,2,2,0
145,Camp Creek,2026-01-20,evening,take-out,16.0,8.0,2,2,0
146,Camp Creek,2026-01-20,morning,delivery,6.0,3.0,2,2,0
147,Camp Creek,2026-01-20,morning,dine-in,11.0,5.5,2,2,0
148,Camp Creek,2026-01-20,morning,take-out,12.0,6.0,2,2,0
149,Camp Creek,2026-01-21,afternoon,delivery,8.0,8.0,3,1,0
150,Camp Creek,2026-01-21,afternoon,dine-in,16.0,16.0,3,1,0
151,Camp Creek,2026-01-21,afternoon,take-out,19.0,19.0,3,1,0
152,Camp Creek,2026-01-21,evening,delivery,10.0,10.0,2,1,0
153,Camp Creek,2026-01-21,evening,dine-in,7.0,7.0,2,1,0
154,Camp Creek,2026-01-21,evening,take-out,23.0,23.0,2,1,0
155,Camp Creek,2026-01-21,morning,delivery,7.0,7.0,2,1,0
156,Camp Creek,2026-01-21,morning,dine-in,12.0,12.0,2,1,0
157,Camp Creek,2026-01-21,morning,take-out,11.0,11.0,2,1,0
158,Camp Creek,2026-01-22,afternoon,delivery,10.0,5.0,3,2,0
159,Camp Creek,2026-01-22,afternoon,dine-in,28.0,14.0,3,2,0
160,Camp Creek,2026-01-22,afternoon,take-out,16.0,8.0,3,2,0
161,Camp Creek,2026-01-22,evening,delivery,9.0,4.5,2,2,0
162,Camp Creek,2026-01-22,evening,dine-in,15.0,7.5,2,2,0
163,Camp Creek,2026-01-22,evening,take-out,10.0,5.0,2,2,0
164,Camp Creek,2026-01-22,morning,delivery,1.0,1.0,2,1,0
165,Camp Creek,2026-01-22,morning,dine-in,20.0,20.0,2,1,0
166,Camp Creek,2026-01-22,morning,take-out,14.0,14.0,2,1,0
167,Camp Creek,2026-01-23,afternoon,delivery,6.0,3.0,3,2,0
168,Camp Creek,2026-01-23,afternoon,dine-in,30.0,15.0,3,2,0
169,Camp Creek,2026-01-23,afternoon,take-out,28.0,14.0,3,2,0
170,Camp Creek,2026-01-23,evening,delivery,6.0,3.0,2,2,0
171,Camp Creek,2026-01-23,evening,dine-in,11.0,5.5,2,2,0
172,Camp Creek,2026-01-23,evening,take-out,19.0,9.5,2,2,0
173,Camp Creek,2026-01-23,morning,delivery,5.0,5.0,2,1,0
174,Camp Creek,2026-01-23,morning,dine-in,5.0,5.0,2,1,0
175,Camp Creek,2026-01-23,morning,take-out,15.0,15.0,2,1,0
176,Camp Creek,2026-01-24,afternoon,delivery,10.0,3.33,4,3,0
177,Camp Creek,2026-01-24,afternoon,dine-in,35.0,11.67,4,3,0
178,Camp Creek,2026-01-24,afternoon,take-out,23.0,7.67,4,3,0
179,Camp Creek,2026-01-24,evening,delivery,17.0,8.5,3,2,0
180,Camp Creek,2026-01-24,evening,dine-in,12.0,6.0,3,2,0
181,Camp Creek,2026-01-24,evening,take-out,23.0,11.5,3,2,0
182,Camp Creek,2026-01-24,morning,delivery,6.0,3.0,3,2,0
183,Camp Creek,2026-01-24,morning,dine-in,7.0,3.5,3,2,0
184,Camp Creek,2026-01-24,morning,take-out,16.0,8.0,3,2,0
185,Camp Creek,2026-01-25,afternoon,delivery,5.0,5.0,4,1,0
186,Camp Creek,2026-01-25,afternoon,dine-in,20.0,20.0,4,1,0
187,Camp Creek,2026-01-25,afternoon,take-out,28.0,28.0,4,1,0
188,Camp Creek,2026-01-25,evening,delivery,14.0,7.0,3,2,0
189,Camp Creek,2026-01-25,evening,dine-in,11.0,5.5,3,2,0
190,Camp Creek,2026-01-25,evening,take-out,17.0,8.5,3,2,0
191,Camp Creek,2026-01-25,morning,delivery,5.0,2.5,3,2,0
192,Camp Creek,2026-01-25,morning,dine-in,12.0,6.0,3,2,0
193,Camp Creek,2026-01-25,morning,take-out,15.0,7.5,3,2,0
194,Camp Creek,2026-01-26,evening,delivery,5.0,5.0,2,1,0
195,Camp Creek,2026-01-26,evening,dine-in,9.0,9.0,2,1,0
196,Camp Creek,2026-01-26,evening,take-out,20.0,20.0,2,1,0
197,Camp Creek,2026-01-26,morning,delivery,8.0,8.0,2,1,0
198,Camp Creek,2026-01-26,morning,dine-in,6.0,6.0,2,1,0
199,Camp Creek,2026-01-26,morning,take-out,14.0,14.0,2,1,0
200,Camp Creek,2026-01-27,afternoon,delivery,7.0,3.5,3,2,0
201,Camp Creek,2026-01-27,afternoon,dine-in,12.0,6.0,3,2,0
202,Camp Creek,2026-01-27,afternoon,take-out,23.0,11.5,3,2,0
203,Camp Creek,2026-01-27,evening,delivery,14.0,7.0,2,2,0
204,Camp Creek,2026-01-27,evening,dine-in,19.0,9.5,2,2,0
205,Camp Creek,2026-01-27,evening,take-out,8.0,4.0,2,2,0
206,Camp Creek,2026-01-27,morning,delivery,12.0,6.0,2,2,0
207,Camp Creek,2026-01-27,morning,dine-in,12.0,6.0,2,2,0
208,Camp Creek,2026-01-27,morning,take-out,12.0,6.0,2,2,0
209,Camp Creek,2026-01-28,afternoon,delivery,27.0,13.5,3,2,0
210,Camp Creek,2026-01-28,afternoon,dine-in,13.0,6.5,3,2,0
211,Camp Creek,2026-01-28,afternoon,take-out,21.0,10.5,3,2,0
212,Camp Creek,2026-01-28,evening,delivery,2.0,2.0,2,1,0
213,Camp Creek,2026-01-28,evening,dine-in,14.0,14.0,2,1,0
214,Camp Creek,2026-01-28,evening,take-out,25.0,25.0,2,1,0
215,Camp Creek,2026-01-29,afternoon,delivery,3.0,1.5,3,2,0
216,Camp Creek,2026-01-29,afternoon,dine-in,23.0,11.5,3,2,0
217,Camp Creek,2026-01-29,afternoon,take-out,16.0,8.0,3,2,0
218,Camp Creek,2026-01-29,morning,delivery,6.0,6.0,2,1,0
219,Camp Creek,2026-01-29,morning,dine-in,3.0,3.0,2,1,0
220,Camp Creek,2026-01-29,morning,take-out,17.0,17.0,2,1,0
221,Camp Creek,2026-01-30,afternoon,delivery,12.0,6.0,3,2,0
222,Camp Creek,2026-01-30,afternoon,dine-in,15.0,7.5,3,2,0
223,Camp Creek,2026-01-30,afternoon,take-out,16.0,8.0,3,2,0
224,Camp Creek,2026-01-30,evening,delivery,16.0,16.0,2,1,0
225,Camp Creek,2026-01-30,evening,dine-in,14.0,14.0,2,1,0
226,Camp Creek,2026-01-30,evening,take-out,8.0,8.0,2,1,0
227,Camp Creek,2026-01-30,morning,delivery,10.0,10.0,2,1,0
228,Camp Creek,2026-01-30,morning,dine-in,6.0,6.0,2,1,0
229,Camp Creek,2026-01-30,morning,take-out,11.0,11.0,2,1,0
230,Camp Creek,2026-01-31,afternoon,delivery,12.0,12.0,4,1,0
231,Camp Creek,2026-01-31,afternoon,dine-in,23.0,23.0,4,1,0
232,Camp Creek,2026-01-31,afternoon,take-out,21.0,21.0,4,1,0
233,Camp Creek,2026-01-31,evening,delivery,16.0,8.0,3,2,0
234,Camp Creek,2026-01-31,evening,dine-in,27.0,13.5,3,2,0
235,Camp Creek,2026-01-31,evening,take-out,11.0,5.5,3,2,0
236,Camp Creek,2026-01-31,morning,delivery,9.0,9.0,3,1,0
237,Camp Creek,2026-01-31,morning,dine-in,16.0,16.0,3,1,0
238,Camp Creek,2026-01-31,morning,take-out,15.0,15.0,3,1,0
239,Camp Creek,2026-02-01,afternoon,delivery,21.0,10.5,4,2,0
240,Camp Creek,2026-02-01,afternoon,dine-in,16.0,8.0,4,2,0
241,Camp Creek,2026-02-01,afternoon,take-out,33.0,16.5,4,2,0
242,Camp Creek,2026-02-01,evening,delivery,16.0,16.0,3,1,0
243,Camp Creek,2026-02-01,evening,dine-in,15.0,15.0,3,1,0
244,Camp Creek,2026-02-01,evening,take-out,20.0,20.0,3,1,0
245,Camp Creek,2026-02-01,morning,delivery,17.0,8.5,3,2,0
246,Camp Creek,2026-02-01,morning,dine-in,7.0,3.5,3,2,0
247,Camp Creek,2026-02-01,morning,take-out,8.0,4.0,3,2,0
248,Camp Creek,2026-02-02,afternoon,delivery,11.0,3.67,3,3,0
249,Camp Creek,2026-02-02,afternoon,dine-in,13.0,4.33,3,3,0
250,Camp Creek,2026-02-02,afternoon,take-out,20.0,6.67,3,3,0
251,Camp Creek,2026-02-03,afternoon,delivery,23.0,11.5,3,2,0
252,Camp Creek,2026-02-03,afternoon,dine-in,14.0,7.0,3,2,0
253,Camp Creek,2026-02-03,afternoon,take-out,18.0,9.0,3,2,0
254,Camp Creek,2026-02-04,afternoon,delivery,12.0,12.0,3,1,0
255,Camp Creek,2026-02-04,afternoon,dine-in,17.0,17.0,3,1,0
256,Camp Creek,2026-02-04,afternoon,take-out,30.0,30.0,3,1,0
257,Camp Creek,2026-02-04,morning,delivery,9.0,4.5,2,2,0
258,Camp Creek,2026-02-04,morning,dine-in,6.0,3.0,2,2,0
259,Camp Creek,2026-02-04,morning,take-out,11.0,5.5,2,2,0
260,Camp Creek,2026-02-05,afternoon,delivery,10.0,5.0,3,2,0
261,Camp Creek,2026-02-05,afternoon,dine-in,14.0,7.0,3,2,0
262,Camp Creek,2026-02-05,afternoon,take-out,27.0,13.5,3,2,0
263,Camp Creek,2026-02-05,evening,delivery,14.0,14.0,2,1,0
264,Camp Creek,2026-02-05,evening,dine-in,15.0,15.0,2,1,0
265,Camp Creek,2026-02-05,evening,take-out,11.0,11.0,2,1,0
266,Camp Creek,2026-02-05,morning,delivery,4.0,4.0,2,1,0
267,Camp Creek,2026-02-05,morning,dine-in,14.0,14.0,2,1,0
268,Camp Creek,2026-02-05,morning,take-out,10.0,10.0,2,1,0
269,Camp Creek,2026-02-06,afternoon,delivery,8.0,8.0,3,1,0
270,Camp Creek,2026-02-06,afternoon,dine-in,35.0,35.0,3,1,0
271,Camp Creek,2026-02-06,afternoon,take-out,8.0,8.0,3,1,0
272,Camp Creek,2026-02-06,evening,delivery,7.0,7.0,2,1,0
273,Camp Creek,2026-02-06,evening,dine-in,18.0,18.0,2,1,0
274,Camp Creek,2026-02-06,evening,take-out,26.0,26.0,2,1,0
275,Camp Creek,2026-02-07,afternoon,delivery,8.0,8.0,4,1,0
276,Camp Creek,2026-02-07,afternoon,dine-in,36.0,36.0,4,1,0
277,Camp Creek,2026-02-07,afternoon,take-out,24.0,24.0,4,1,0
278,Camp Creek,2026-02-07,evening,delivery,4.0,2.0,3,2,0
279,Camp Creek,2026-02-07,evening,dine-in,22.0,11.0,3,2,0
280,Camp Creek,2026-02-07,evening,take-out,21.0,10.5,3,2,0
281,Camp Creek,2026-02-08,afternoon,delivery,18.0,18.0,4,1,0
282,Camp Creek,2026-02-08,afternoon,dine-in,41.0,41.0,4,1,0
283,Camp Creek,2026-02-08,afternoon,take-out,24.0,24.0,4,1,0
284,Camp Creek,2026-02-08,evening,delivery,3.0,1.5,3,2,0
285,Camp Creek,2026-02-08,evening,dine-in,26.0,13.0,3,2,0
286,Camp Creek,2026-02-08,evening,take-out,14.0,7.0,3,2,0
287,Camp Creek,2026-02-08,morning,delivery,6.0,6.0,3,1,0
288,Camp Creek,2026-02-08,morning,dine-in,19.0,19.0,3,1,0
289,Camp Creek,2026-02-08,morning,take-out,14.0,14.0,3,1,0
290,Camp Creek,2026-02-09,afternoon,delivery,7.0,3.5,3,2,0
291,Camp Creek,2026-02-09,afternoon,dine-in,25.0,12.5,3,2,0
292,Camp Creek,2026-02-09,afternoon,take-out,22.0,11.0,3,2,0
293,Camp Creek,2026-02-09,evening,delivery,8.0,4.0,2,2,0
294,Camp Creek,2026-02-09,evening,dine-in,24.0,12.0,2,2,0
295,Camp Creek,2026-02-09,evening,take-out,9.0,4.5,2,2,0
296,Camp Creek,2026-02-09,morning,delivery,7.0,7.0,2,1,0
297,Camp Creek,2026-02-09,morning,dine-in,16.0,16.0,2,1,0
298,Camp Creek,2026-02-09,morning,take-out,12.0,12.0,2,1,0
299,Camp Creek,2026-02-10,afternoon,delivery,12.0,12.0,3,1,0
300,Camp Creek,2026-02-10,afternoon,dine-in,20.0,20.0,3,1,0
301,Camp Creek,2026-02-10,afternoon,take-out,25.0,25.0,3,1,0
302,Camp Creek,2026-02-10,evening,delivery,9.0,4.5,2,2,0
303,Camp Creek,2026-02-10,evening,dine-in,20.0,10.0,2,2,0
304,Camp Creek,2026-02-10,evening,take-out,10.0,5.0,2,2,0
305,Camp Creek,2026-02-10,morning,delivery,7.0,7.0,2,1,0
306,Camp Creek,2026-02-10,morning,dine-in,11.0,11.0,2,1,0
307,Camp Creek,2026-02-10,morning,take-out,5.0,5.0,2,1,0
308,Camp Creek,2026-02-11,afternoon,delivery,13.0,6.5,3,2,0
309,Camp Creek,2026-02-11,afternoon,dine-in,29.0,14.5,3,2,0
310,Camp Creek,2026-02-11,afternoon,take-out,16.0,8.0,3,2,0
311,Camp Creek,2026-02-11,morning,delivery,8.0,8.0,2,1,0
312,Camp Creek,2026-02-11,morning,dine-in,8.0,8.0,2,1,0
313,Camp Creek,2026-02-11,morning,take-out,29.0,29.0,2,1,0
314,Camp Creek,2026-02-12,afternoon,delivery,9.0,9.0,3,1,0
315,Camp Creek,2026-02-12,afternoon,dine-in,11.0,11.0,3,1,0
316,Camp Creek,2026-02-12,afternoon,take-out,32.0,32.0,3,1,0
317,Camp Creek,2026-02-12,evening,delivery,10.0,10.0,2,1,0
318,Camp Creek,2026-02-12,evening,dine-in,23.0,23.0,2,1,0
319,Camp Creek,2026-02-12,evening,take-out,14.0,14.0,2,1,0
320,Camp Creek,2026-02-12,morning,delivery,6.0,3.0,2,2,0
321,Camp Creek,2026-02-12,morning,dine-in,15.0,7.5,2,2,0
322,Camp Creek,2026-02-12,morning,take-out,7.0,3.5,2,2,0
323,Camp Creek,2026-02-13,afternoon,delivery,10.0,5.0,3,2,0
324,Camp Creek,2026-02-13,afternoon,dine-in,20.0,10.0,3,2,0
325,Camp Creek,2026-02-13,afternoon,take-out,26.0,13.0,3,2,0
326,Camp Creek,2026-02-13,evening,delivery,4.0,2.0,2,2,0
327,Camp Creek,2026-02-13,evening,dine-in,26.0,13.0,2,2,0
328,Camp Creek,2026-02-13,evening,take-out,12.0,6.0,2,2,0
329,Camp Creek,2026-02-13,morning,delivery,4.0,2.0,2,2,0
330,Camp Creek,2026-02-13,morning,dine-in,20.0,10.0,2,2,0
331,Camp Creek,2026-02-13,morning,take-out,9.0,4.5,2,2,0
332,Camp Creek,2026-02-14,afternoon,delivery,18.0,6.0,4,3,0
333,Camp Creek,2026-02-14,afternoon,dine-in,16.0,5.33,4,3,0
334,Camp Creek,2026-02-14,afternoon,take-out,24.0,8.0,4,3,0
335,Camp Creek,2026-02-14,evening,delivery,13.0,13.0,3,1,0
336,Camp Creek,2026-02-14,evening,dine-in,14.0,14.0,3,1,0
337,Camp Creek,2026-02-14,evening,take-out,18.0,18.0,3,1,0
338,Camp Creek,2026-02-14,morning,delivery,4.0,4.0,3,1,0
339,Camp Creek,2026-02-14,morning,dine-in,14.0,14.0,3,1,0
340,Camp Creek,2026-02-14,morning,take-out,17.0,17.0,3,1,0
341,Camp Creek,2026-02-15,afternoon,delivery,20.0,6.67,4,3,0
342,Camp Creek,2026-02-15,afternoon,dine-in,21.0,7.0,4,3,0
343,Camp Creek,2026-02-15,afternoon,take-out,24.0,8.0,4,3,0
344,Camp Creek,2026-02-15,evening,delivery,11.0,3.67,3,3,0
345,Camp Creek,2026-02-15,evening,dine-in,17.0,5.67,3,3,0
346,Camp Creek,2026-02-15,evening,take-out,18.0,6.0,3,3,0
347,Camp Creek,2026-02-15,morning,delivery,7.0,7.0,3,1,0
348,Camp Creek,2026-02-15,morning,dine-in,13.0,13.0,3,1,0
349,Camp Creek,2026-02-15,morning,take-out,14.0,14.0,3,1,0
350,Camp Creek,2026-02-16,afternoon,delivery,6.0,6.0,3,1,0
351,Camp Creek,2026-02-16,afternoon,dine-in,15.0,15.0,3,1,0
352,Camp Creek,2026-02-16,afternoon,take-out,19.0,19.0,3,1,0
353,Camp Creek,2026-02-16,evening,delivery,4.0,2.0,2,2,0
354,Camp Creek,2026-02-16,evening,dine-in,19.0,9.5,2,2,0
355,Camp Creek,2026-02-16,evening,take-out,18.0,9.0,2,2,0
356,Camp Creek,2026-02-17,afternoon,delivery,3.0,3.0,3,1,0
357,Camp Creek,2026-02-17,afternoon,dine-in,25.0,25.0,3,1,0
358,Camp Creek,2026-02-17,afternoon,take-out,25.0,25.0,3,1,0
359,Camp Creek,2026-02-17,evening,delivery,12.0,12.0,2,1,0
360,Camp Creek,2026-02-17,evening,dine-in,17.0,17.0,2,1,0
361,Camp Creek,2026-02-17,evening,take-out,7.0,7.0,2,1,0
362,Camp Creek,2026-02-17,morning,delivery,4.0,2.0,2,2,0
363,Camp Creek,2026-02-17,morning,dine-in,21.0,10.5,2,2,0
364,Camp Creek,2026-02-17,morning,take-out,15.0,7.5,2,2,0
365,Camp Creek,2026-02-18,afternoon,delivery,14.0,7.0,3,2,0
366,Camp Creek,2026-02-18,afternoon,dine-in,27.0,13.5,3,2,0
367,Camp Creek,2026-02-18,afternoon,take-out,19.0,9.5,3,2,0
368,Camp Creek,2026-02-18,evening,delivery,5.0,2.5,2,2,0
369,Camp Creek,2026-02-18,evening,dine-in,14.0,7.0,2,2,0
370,Camp Creek,2026-02-18,evening,take-out,7.0,3.5,2,2,0
371,Camp Creek,2026-02-18,morning,delivery,14.0,14.0,2,1,0
372,Camp Creek,2026-02-18,morning,dine-in,6.0,6.0,2,1,0
373,Camp Creek,2026-02-18,morning,take-out,17.0,17.0,2,1,0
374,Camp Creek,2026-02-19,afternoon,delivery,16.0,8.0,3,2,0
375,Camp Creek,2026-02-19,afternoon,dine-in,11.0,5.5,3,2,0
376,Camp Creek,2026-02-19,afternoon,take-out,28.0,14.0,3,2,0
377,Camp Creek,2026-02-19,evening,delivery,5.0,5.0,2,1,0
378,Camp Creek,2026-02-19,evening,dine-in,19.0,19.0,2,1,0
379,Camp Creek,2026-02-19,evening,take-out,10.0,10.0,2,1,0
380,Camp Creek,2026-02-19,morning,delivery,5.0,5.0,2,1,0
381,Camp Creek,2026-02-19,morning,dine-in,11.0,11.0,2,1,0
382,Camp Creek,2026-02-19,morning,take-out,15.0,15.0,2,1,0
383,Camp Creek,2026-02-20,afternoon,delivery,10.0,3.33,3,3,0
384,Camp Creek,2026-02-20,afternoon,dine-in,17.0,5.67,3,3,0
385,Camp Creek,2026-02-20,afternoon,take-out,27.0,9.0,3,3,0
386,Camp Creek,2026-02-20,evening,delivery,8.0,8.0,2,1,0
387,Camp Creek,2026-02-20,evening,dine-in,18.0,18.0,2,1,0
388,Camp Creek,2026-02-20,evening,take-out,10.0,10.0,2,1,0
389,Camp Creek,2026-02-20,morning,dine-in,15.0,7.5,2,2,0
390,Camp Creek,2026-02-20,morning,take-out,11.0,5.5,2,2,0
391,Camp Creek,2026-02-21,afternoon,delivery,11.0,5.5,4,2,0
392,Camp Creek,2026-02-21,afternoon,dine-in,30.0,15.0,4,2,0
393,Camp Creek,2026-02-21,afternoon,take-out,26.0,13.0,4,2,0
394,Camp Creek,2026-02-21,evening,delivery,12.0,6.0,3,2,0
395,Camp Creek,2026-02-21,evening,dine-in,20.0,10.0,3,2,0
396,Camp Creek,2026-02-21,evening,take-out,13.0,6.5,3,2,0
397,Camp Creek,2026-02-21,morning,delivery,5.0,5.0,3,1,0
398,Camp Creek,2026-02-21,morning,dine-in,30.0,30.0,3,1,0
399,Camp Creek,2026-02-21,morning,take-out,6.0,6.0,3,1,0
400,Camp Creek,2026-02-22,evening,delivery,5.0,2.5,3,2,0
401,Camp Creek,2026-02-22,evening,dine-in,23.0,11.5,3,2,0
402,Camp Creek,2026-02-22,evening,take-out,22.0,11.0,3,2,0
403,Camp Creek,2026-02-22,morning,delivery,12.0,4.0,3,3,0
404,Camp Creek,2026-02-22,morning,dine-in,11.0,3.67,3,3,0
405,Camp Creek,2026-02-22,morning,take-out,17.0,5.67,3,3,0
406,Camp Creek,2026-02-23,afternoon,delivery,6.0,3.0,3,2,0
407,Camp Creek,2026-02-23,afternoon,dine-in,37.0,18.5,3,2,0
408,Camp Creek,2026-02-23,afternoon,take-out,13.0,6.5,3,2,0
409,Camp Creek,2026-02-23,evening,delivery,8.0,4.0,2,2,0
410,Camp Creek,2026-02-23,evening,dine-in,20.0,10.0,2,2,0
411,Camp Creek,2026-02-23,evening,take-out,7.0,3.5,2,2,0
412,Camp Creek,2026-02-23,morning,dine-in,15.0,15.0,2,1,0
413,Camp Creek,2026-02-23,morning,take-out,3.0,3.0,2,1,0
414,Camp Creek,2026-02-24,afternoon,delivery,3.0,3.0,3,1,0
415,Camp Creek,2026-02-24,afternoon,dine-in,24.0,24.0,3,1,0
416,Camp Creek,2026-02-24,afternoon,take-out,20.0,20.0,3,1,0
417,Camp Creek,2026-02-24,evening,delivery,6.0,3.0,2,2,0
418,Camp Creek,2026-02-24,evening,dine-in,11.0,5.5,2,2,0
419,Camp Creek,2026-02-24,evening,take-out,21.0,10.5,2,2,0
420,Camp Creek,2026-02-24,morning,delivery,11.0,5.5,2,2,0
421,Camp Creek,2026-02-24,morning,dine-in,12.0,6.0,2,2,0
422,Camp Creek,2026-02-24,morning,take-out,4.0,2.0,2,2,0
423,Camp Creek,2026-02-25,afternoon,delivery,12.0,12.0,3,1,0
424,Camp Creek,2026-02-25,afternoon,dine-in,21.0,21.0,3,1,0
425,Camp Creek,2026-02-25,afternoon,take-out,14.0,14.0,3,1,0
426,Camp Creek,2026-02-25,evening,delivery,7.0,7.0,2,1,0
427,Camp Creek,2026-02-25,evening,dine-in,9.0,9.0,2,1,0
428,Camp Creek,2026-02-25,evening,take-out,35.0,35.0,2,1,0
429,Camp Creek,2026-02-25,morning,delivery,8.0,8.0,2,1,0
430,Camp Creek,2026-02-25,morning,dine-in,4.0,4.0,2,1,0
431,Camp Creek,2026-02-25,morning,take-out,27.0,27.0,2,1,0
432,Camp Creek,2026-02-26,afternoon,delivery,16.0,16.0,3,1,0
433,Camp Creek,2026-02-26,afternoon,dine-in,24.0,24.0,3,1,0
434,Camp Creek,2026-02-26,afternoon,take-out,25.0,25.0,3,1,0
435,Camp Creek,2026-02-26,evening,delivery,6.0,3.0,2,2,0
436,Camp Creek,2026-02-26,evening,dine-in,17.0,8.5,2,2,0
437,Camp Creek,2026-02-26,evening,take-out,21.0,10.5,2,2,0
438,Camp Creek,2026-02-27,afternoon,delivery,6.0,3.0,3,2,0
439,Camp Creek,2026-02-27,afternoon,dine-in,15.0,7.5,3,2,0
440,Camp Creek,2026-02-27,afternoon,take-out,35.0,17.5,3,2,0
441,Camp Creek,2026-02-27,evening,dine-in,18.0,18.0,2,1,0
442,Camp Creek,2026-02-27,evening,take-out,16.0,16.0,2,1,0
443,Camp Creek,2026-02-27,morning,delivery,5.0,2.5,2,2,0
444,Camp Creek,2026-02-27,morning,dine-in,18.0,9.0,2,2,0
445,Camp Creek,2026-02-27,morning,take-out,10.0,5.0,2,2,0
446,Camp Creek,2026-02-28,afternoon,delivery,7.0,3.5,4,2,0
447,Camp Creek,2026-02-28,afternoon,dine-in,29.0,14.5,4,2,0
448,Camp Creek,2026-02-28,afternoon,take-out,26.0,13.0,4,2,0
449,Camp Creek,2026-02-28,evening,delivery,4.0,2.0,3,2,0
450,Camp Creek,2026-02-28,evening,dine-in,21.0,10.5,3,2,0
451,Camp Creek,2026-02-28,evening,take-out,25.0,12.5,3,2,0
452,Camp Creek,2026-02-28,morning,delivery,9.0,4.5,3,2,0
453,Camp Creek,2026-02-28,morning,dine-in,7.0,3.5,3,2,0
454,Camp Creek,2026-02-28,morning,take-out,22.0,11.0,3,2,0
455,Camp Creek,2026-03-01,afternoon,delivery,15.0,7.5,4,2,0
456,Camp Creek,2026-03-01,afternoon,dine-in,17.0,8.5,4,2,0
457,Camp Creek,2026-03-01,afternoon,take-out,21.0,10.5,4,2,0
458,Camp Creek,2026-03-01,evening,delivery,13.0,13.0,3,1,0
459,Camp Creek,2026-03-01,evening,dine-in,26.0,26.0,3,1,0
460,Camp Creek,2026-03-01,evening,take-out,13.0,13.0,3,1,0
461,Camp Creek,2026-03-02,afternoon,delivery,14.0,14.0,3,1,0
462,Camp Creek,2026-03-02,afternoon,dine-in,32.0,32.0,3,1,0
463,Camp Creek,2026-03-02,afternoon,take-out,23.0,23.0,3,1,0
464,Camp Creek,2026-03-02,evening,delivery,5.0,2.5,2,2,0
465,Camp Creek,2026-03-02,evening,dine-in,23.0,11.5,2,2,0
466,Camp Creek,2026-03-02,evening,take-out,16.0,8.0,2,2,0
467,Camp Creek,2026-03-03,afternoon,delivery,4.0,4.0,3,1,0
468,Camp Creek,2026-03-03,afternoon,dine-in,23.0,23.0,3,1,0
469,Camp Creek,2026-03-03,afternoon,take-out,19.0,19.0,3,1,0
470,Camp Creek,2026-03-03,evening,delivery,4.0,4.0,2,1,0
471,Camp Creek,2026-03-03,evening,dine-in,12.0,12.0,2,1,0
472,Camp Creek,2026-03-03,evening,take-out,14.0,14.0,2,1,0
473,Camp Creek,2026-03-03,morning,delivery,3.0,1.5,2,2,0
474,Camp Creek,2026-03-03,morning,dine-in,25.0,12.5,2,2,0
475,Camp Creek,2026-03-03,morning,take-out,3.0,1.5,2,2,0
476,Camp Creek,2026-03-04,afternoon,delivery,8.0,4.0,3,2,0
477,Camp Creek,2026-03-04,afternoon,dine-in,20.0,10.0,3,2,0
478,Camp Creek,2026-03-04,afternoon,take-out,18.0,9.0,3,2,0
479,Camp Creek,2026-03-05,afternoon,delivery,7.0,7.0,3,1,0
480,Camp Creek,2026-03-05,afternoon,dine-in,25.0,25.0,3,1,0
481,Camp Creek,2026-03-05,afternoon,take-out,34.0,34.0,3,1,0
482,Camp Creek,2026-03-05,evening,delivery,10.0,5.0,2,2,0
483,Camp Creek,2026-03-05,evening,dine-in,16.0,8.0,2,2,0
484,Camp Creek,2026-03-05,evening,take-out,11.0,5.5,2,2,0
485,Camp Creek,2026-03-05,morning,delivery,10.0,10.0,2,1,0
486,Camp Creek,2026-03-05,morning,dine-in,9.0,9.0,2,1,0
487,Camp Creek,2026-03-05,morning,take-out,9.0,9.0,2,1,0
488,Camp Creek,2026-03-06,afternoon,delivery,8.0,4.0,3,2,0
489,Camp Creek,2026-03-06,afternoon,dine-in,33.0,16.5,3,2,0
490,Camp Creek,2026-03-06,afternoon,take-out,31.0,15.5,3,2,0
491,Camp Creek,2026-03-06,evening,delivery,9.0,9.0,2,1,0
492,Camp Creek,2026-03-06,evening,dine-in,14.0,14.0,2,1,0
493,Camp Creek,2026-03-06,evening,take-out,20.0,20.0,2,1,0
494,Camp Creek,2026-03-06,morning,delivery,12.0,12.0,2,1,0
495,Camp Creek,2026-03-06,morning,dine-in,9.0,9.0,2,1,0
496,Camp Creek,2026-03-06,morning,take-out,21.0,21.0,2,1,0
497,Camp Creek,2026-03-07,afternoon,delivery,9.0,2.25,4,4,0
498,Camp Creek,2026-03-07,afternoon,dine-in,25.0,6.25,4,4,0
499,Camp Creek,2026-03-07,afternoon,take-out,31.0,7.75,4,4,0
500,Camp Creek,2026-03-07,morning,delivery,5.0,1.67,3,3,0
501,Camp Creek,2026-03-07,morning,dine-in,15.0,5.0,3,3,0
502,Camp Creek,2026-03-07,morning,take-out,8.0,2.67,3,3,0
503,Camp Creek,2026-03-08,afternoon,delivery,11.0,5.5,4,2,0
504,Camp Creek,2026-03-08,afternoon,dine-in,26.0,13.0,4,2,0
505,Camp Creek,2026-03-08,afternoon,take-out,22.0,11.0,4,2,0
506,Camp Creek,2026-03-08,evening,delivery,6.0,3.0,3,2,0
507,Camp Creek,2026-03-08,evening,dine-in,20.0,10.0,3,2,0
508,Camp Creek,2026-03-08,evening,take-out,15.0,7.5,3,2,0
509,Camp Creek,2026-03-08,morning,delivery,1.0,0.33,3,3,0
510,Camp Creek,2026-03-08,morning,dine-in,16.0,5.33,3,3,0
511,Camp Creek,2026-03-08,morning,take-out,17.0,5.67,3,3,0
512,Camp Creek,2026-03-09,afternoon,delivery,7.0,3.5,3,2,0
513,Camp Creek,2026-03-09,afternoon,dine-in,18.0,9.0,3,2,0
514,Camp Creek,2026-03-09,afternoon,take-out,25.0,12.5,3,2,0
515,Camp Creek,2026-03-09,morning,delivery,8.0,4.0,2,2,0
516,Camp Creek,2026-03-09,morning,dine-in,9.0,4.5,2,2,0
517,Camp Creek,2026-03-09,morning,take-out,13.0,6.5,2,2,0
518,Camp Creek,2026-03-10,afternoon,delivery,7.0,7.0,3,1,0
519,Camp Creek,2026-03-10,afternoon,dine-in,29.0,29.0,3,1,0
520,Camp Creek,2026-03-10,afternoon,take-out,29.0,29.0,3,1,0
521,Camp Creek,2026-03-10,morning,delivery,10.0,5.0,2,2,0
522,Camp Creek,2026-03-10,morning,dine-in,9.0,4.5,2,2,0
523,Camp Creek,2026-03-10,morning,take-out,15.0,7.5,2,2,0
524,Camp Creek,2026-03-11,afternoon,delivery,14.0,7.0,3,2,0
525,Camp Creek,2026-03-11,afternoon,dine-in,30.0,15.0,3,2,0
526,Camp Creek,2026-03-11,afternoon,take-out,8.0,4.0,3,2,0
527,Camp Creek,2026-03-11,evening,delivery,1.0,0.5,2,2,0
528,Camp Creek,2026-03-11,evening,dine-in,18.0,9.0,2,2,0
529,Camp Creek,2026-03-11,evening,take-out,30.0,15.0,2,2,0
530,Camp Creek,2026-03-11,morning,delivery,3.0,3.0,2,1,0
531,Camp Creek,2026-03-11,morning,dine-in,8.0,8.0,2,1,0
532,Camp Creek,2026-03-11,morning,take-out,21.0,21.0,2,1,0
533,Camp Creek,2026-03-12,afternoon,delivery,10.0,3.33,3,3,0
534,Camp Creek,2026-03-12,afternoon,dine-in,26.0,8.67,3,3,0
535,Camp Creek,2026-03-12,afternoon,take-out,25.0,8.33,3,3,0
536,Camp Creek,2026-03-12,morning,delivery,7.0,7.0,2,1,0
537,Camp Creek,2026-03-12,morning,dine-in,11.0,11.0,2,1,0
538,Camp Creek,2026-03-12,morning,take-out,20.0,20.0,2,1,0
539,Camp Creek,2026-03-13,afternoon,delivery,4.0,1.33,3,3,0
540,Camp Creek,2026-03-13,afternoon,dine-in,12.0,4.0,3,3,0
541,Camp Creek,2026-03-13,afternoon,take-out,25.0,8.33,3,3,0
542,Camp Creek,2026-03-13,evening,delivery,7.0,3.5,2,2,0
543,Camp Creek,2026-03-13,evening,dine-in,14.0,7.0,2,2,0
544,Camp Creek,2026-03-13,evening,take-out,7.0,3.5,2,2,0
545,Camp Creek,2026-03-13,morning,delivery,9.0,9.0,2,1,0
546,Camp Creek,2026-03-13,morning,dine-in,16.0,16.0,2,1,0
547,Camp Creek,2026-03-13,morning,take-out,9.0,9.0,2,1,0
548,Camp Creek,2026-03-14,afternoon,delivery,14.0,4.67,4,3,0
549,Camp Creek,2026-03-14,afternoon,dine-in,22.0,7.33,4,3,0
550,Camp Creek,2026-03-14,afternoon,take-out,23.0,7.67,4,3,0
551,Camp Creek,2026-03-14,morning,delivery,3.0,3.0,3,1,0
552,Camp Creek,2026-03-14,morning,dine-in,16.0,16.0,3,1,0
553,Camp Creek,2026-03-14,morning,take-out,25.0,25.0,3,1,0
554,Camp Creek,2026-03-15,afternoon,delivery,10.0,5.0,4,2,0
555,Camp Creek,2026-03-15,afternoon,dine-in,25.0,12.5,4,2,0
556,Camp Creek,2026-03-15,afternoon,take-out,32.0,16.0,4,2,0
557,Camp Creek,2026-03-15,evening,delivery,14.0,14.0,3,1,0
558,Camp Creek,2026-03-15,evening,dine-in,20.0,20.0,3,1,0
559,Camp Creek,2026-03-15,evening,take-out,11.0,11.0,3,1,0
560,Camp Creek,2026-03-15,morning,delivery,5.0,2.5,3,2,0
561,Camp Creek,2026-03-15,morning,dine-in,19.0,9.5,3,2,0
562,Camp Creek,2026-03-15,morning,take-out,15.0,7.5,3,2,0
563,Camp Creek,2026-03-16,afternoon,delivery,14.0,7.0,3,2,0
564,Camp Creek,2026-03-16,afternoon,dine-in,15.0,7.5,3,2,0
565,Camp Creek,2026-03-16,afternoon,take-out,12.0,6.0,3,2,0
566,Camp Creek,2026-03-16,morning,delivery,2.0,2.0,2,1,0
567,Camp Creek,2026-03-16,morning,dine-in,9.0,9.0,2,1,0
568,Camp Creek,2026-03-16,morning,take-out,19.0,19.0,2,1,0
569,Camp Creek,2026-03-17,afternoon,delivery,10.0,10.0,3,1,0
570,Camp Creek,2026-03-17,afternoon,dine-in,29.0,29.0,3,1,0
571,Camp Creek,2026-03-17,afternoon,take-out,20.0,20.0,3,1,0
572,Camp Creek,2026-03-17,morning,delivery,1.0,1.0,2,1,0
573,Camp Creek,2026-03-17,morning,dine-in,10.0,10.0,2,1,0
574,Camp Creek,2026-03-17,morning,take-out,21.0,21.0,2,1,0
575,Camp Creek,2026-03-18,afternoon,delivery,12.0,12.0,3,1,0
576,Camp Creek,2026-03-18,afternoon,dine-in,16.0,16.0,3,1,0
577,Camp Creek,2026-03-18,afternoon,take-out,20.0,20.0,3,1,0
578,Camp Creek,2026-03-18,evening,delivery,3.0,3.0,2,1,0
579,Camp Creek,2026-03-18,evening,dine-in,20.0,20.0,2,1,0
580,Camp Creek,2026-03-18,evening,take-out,18.0,18.0,2,1,0
581,Camp Creek,2026-03-18,morning,delivery,6.0,6.0,2,1,0
582,Camp Creek,2026-03-18,morning,dine-in,13.0,13.0,2,1,0
583,Camp Creek,2026-03-18,morning,take-out,6.0,6.0,2,1,0
584,Camp Creek,2026-03-19,afternoon,delivery,21.0,21.0,3,1,0
585,Camp Creek,2026-03-19,afternoon,dine-in,17.0,17.0,3,1,0
586,Camp Creek,2026-03-19,afternoon,take-out,30.0,30.0,3,1,0
587,Camp Creek,2026-03-19,evening,delivery,12.0,6.0,2,2,0
588,Camp Creek,2026-03-19,evening,dine-in,19.0,9.5,2,2,0
589,Camp Creek,2026-03-19,evening,take-out,10.0,5.0,2,2,0
590,Camp Creek,2026-03-19,morning,delivery,10.0,5.0,2,2,0
591,Camp Creek,2026-03-19,morning,dine-in,12.0,6.0,2,2,0
592,Camp Creek,2026-03-19,morning,take-out,14.0,7.0,2,2,0
593,Camp Creek,2026-03-20,afternoon,delivery,13.0,13.0,3,1,0
594,Camp Creek,2026-03-20,afternoon,dine-in,32.0,32.0,3,1,0
595,Camp Creek,2026-03-20,afternoon,take-out,16.0,16.0,3,1,0
596,Camp Creek,2026-03-20,morning,delivery,11.0,5.5,2,2,0
597,Camp Creek,2026-03-20,morning,dine-in,7.0,3.5,2,2,0
598,Camp Creek,2026-03-20,morning,take-out,17.0,8.5,2,2,0
599,Camp Creek,2026-03-21,afternoon,delivery,7.0,7.0,4,1,0
600,Camp Creek,2026-03-21,afternoon,dine-in,35.0,35.0,4,1,0
601,Camp Creek,2026-03-21,afternoon,take-out,35.0,35.0,4,1,0
602,Camp Creek,2026-03-21,morning,delivery,11.0,11.0,3,1,0
603,Camp Creek,2026-03-21,morning,dine-in,5.0,5.0,3,1,0
604,Camp Creek,2026-03-21,morning,take-out,13.0,13.0,3,1,0
605,Camp Creek,2026-03-22,afternoon,delivery,14.0,7.0,4,2,0
606,Camp Creek,2026-03-22,afternoon,dine-in,22.0,11.0,4,2,0
607,Camp Creek,2026-03-22,afternoon,take-out,35.0,17.5,4,2,0
608,Camp Creek,2026-03-22,evening,delivery,7.0,3.5,3,2,0
609,Camp Creek,2026-03-22,evening,dine-in,14.0,7.0,3,2,0
610,Camp Creek,2026-03-22,evening,take-out,16.0,8.0,3,2,0
611,Camp Creek,2026-03-22,morning,delivery,6.0,6.0,3,1,0
612,Camp Creek,2026-03-22,morning,dine-in,13.0,13.0,3,1,0
613,Camp Creek,2026-03-22,morning,take-out,16.0,16.0,3,1,0
614,Camp Creek,2026-03-23,afternoon,delivery,10.0,3.33,3,3,0
615,Camp Creek,2026-03-23,afternoon,dine-in,23.0,7.67,3,3,0
616,Camp Creek,2026-03-23,afternoon,take-out,22.0,7.33,3,3,0
617,Camp Creek,2026-03-23,evening,delivery,2.0,1.0,2,2,0
618,Camp Creek,2026-03-23,evening,dine-in,21.0,10.5,2,2,0
619,Camp Creek,2026-03-23,evening,take-out,16.0,8.0,2,2,0
620,Camp Creek,2026-03-23,morning,delivery,2.0,2.0,2,1,0
621,Camp Creek,2026-03-23,morning,dine-in,12.0,12.0,2,1,0
622,Camp Creek,2026-03-23,morning,take-out,14.0,14.0,2,1,0
623,Camp Creek,2026-03-24,afternoon,delivery,8.0,4.0,3,2,0
624,Camp Creek,2026-03-24,afternoon,dine-in,28.0,14.0,3,2,0
625,Camp Creek,2026-03-24,afternoon,take-out,15.0,7.5,3,2,0
626,Camp Creek,2026-03-24,evening,delivery,6.0,3.0,2,2,0
627,Camp Creek,2026-03-24,evening,dine-in,8.0,4.0,2,2,0
628,Camp Creek,2026-03-24,evening,take-out,18.0,9.0,2,2,0
629,Camp Creek,2026-03-24,morning,dine-in,13.0,6.5,2,2,0
630,Camp Creek,2026-03-24,morning,take-out,10.0,5.0,2,2,0
631,Camp Creek,2026-03-25,afternoon,delivery,21.0,10.5,3,2,0
632,Camp Creek,2026-03-25,afternoon,dine-in,7.0,3.5,3,2,0
633,Camp Creek,2026-03-25,afternoon,take-out,33.0,16.5,3,2,0
634,Camp Creek,2026-03-25,evening,delivery,2.0,2.0,2,1,0
635,Camp Creek,2026-03-25,evening,dine-in,9.0,9.0,2,1,0
636,Camp Creek,2026-03-25,evening,take-out,17.0,17.0,2,1,0
637,Camp Creek,2026-03-25,morning,delivery,7.0,7.0,2,1,0
638,Camp Creek,2026-03-25,morning,dine-in,9.0,9.0,2,1,0
639,Camp Creek,2026-03-25,morning,take-out,14.0,14.0,2,1,0
640,Camp Creek,2026-03-26,afternoon,delivery,8.0,8.0,3,1,0
641,Camp Creek,2026-03-26,afternoon,dine-in,32.0,32.0,3,1,0
642,Camp Creek,2026-03-26,afternoon,take-out,17.0,17.0,3,1,0
643,Camp Creek,2026-03-26,morning,delivery,11.0,11.0,2,1,0
644,Camp Creek,2026-03-26,morning,dine-in,12.0,12.0,2,1,0
645,Camp Creek,2026-03-26,morning,take-out,14.0,14.0,2,1,0
646,Camp Creek,2026-03-27,afternoon,delivery,7.0,3.5,3,2,0
647,Camp Creek,2026-03-27,afternoon,dine-in,18.0,9.0,3,2,0
648,Camp Creek,2026-03-27,afternoon,take-out,25.0,12.5,3,2,0
649,Camp Creek,2026-03-27,evening,delivery,6.0,6.0,2,1,0
650,Camp Creek,2026-03-27,evening,dine-in,10.0,10.0,2,1,0
651,Camp Creek,2026-03-27,evening,take-out,12.0,12.0,2,1,0
652,Camp Creek,2026-03-28,afternoon,delivery,9.0,3.0,4,3,0
653,Camp Creek,2026-03-28,afternoon,dine-in,17.0,5.67,4,3,0
654,Camp Creek,2026-03-28,afternoon,take-out,37.0,12.33,4,3,0
655,Camp Creek,2026-03-28,evening,delivery,11.0,5.5,3,2,0
656,Camp Creek,2026-03-28,evening,dine-in,8.0,4.0,3,2,0
657,Camp Creek,2026-03-28,evening,take-out,18.0,9.0,3,2,0
658,Camp Creek,2026-03-28,morning,delivery,5.0,2.5,3,2,0
659,Camp Creek,2026-03-28,morning,dine-in,8.0,4.0,3,2,0
660,Camp Creek,2026-03-28,morning,take-out,16.0,8.0,3,2,0
661,Camp Creek,2026-03-29,afternoon,delivery,15.0,15.0,4,1,0
662,Camp Creek,2026-03-29,afternoon,dine-in,18.0,18.0,4,1,0
663,Camp Creek,2026-03-29,afternoon,take-out,23.0,23.0,4,1,0
664,Camp Creek,2026-03-29,evening,delivery,10.0,5.0,3,2,0
665,Camp Creek,2026-03-29,evening,dine-in,16.0,8.0,3,2,0
666,Camp Creek,2026-03-29,evening,take-out,20.0,10.0,3,2,0
667,Camp Creek,2026-03-29,morning,delivery,2.0,1.0,3,2,0
668,Camp Creek,2026-03-29,morning,dine-in,14.0,7.0,3,2,0
669,Camp Creek,2026-03-29,morning,take-out,14.0,7.0,3,2,0
670,Camp Creek,2026-03-30,afternoon,delivery,11.0,5.5,3,2,0
671,Camp Creek,2026-03-30,afternoon,dine-in,30.0,15.0,3,2,0
672,Camp Creek,2026-03-30,afternoon,take-out,19.0,9.5,3,2,0
673,Camp Creek,2026-03-30,evening,delivery,12.0,12.0,2,1,0
674,Camp Creek,2026-03-30,evening,dine-in,9.0,9.0,2,1,0
675,Camp Creek,2026-03-30,evening,take-out,18.0,18.0,2,1,0
676,Camp Creek,2026-03-31,afternoon,delivery,15.0,15.0,3,1,0
677,Camp Creek,2026-03-31,afternoon,dine-in,27.0,27.0,3,1,0
678,Camp Creek,2026-03-31,afternoon,take-out,28.0,28.0,3,1,0
679,Camp Creek,2026-03-31,evening,delivery,11.0,5.5,2,2,0
680,Camp Creek,2026-03-31,evening,dine-in,7.0,3.5,2,2,0
681,Camp Creek,2026-03-31,evening,take-out,17.0,8.5,2,2,0
682,Camp Creek,2026-03-31,morning,delivery,11.0,11.0,2,1,0
683,Camp Creek,2026-03-31,morning,dine-in,12.0,12.0,2,1,0
684,Camp Creek,2026-03-31,morning,take-out,12.0,12.0,2,1,0
685,Camp Creek,2026-04-01,afternoon,delivery,17.0,8.5,3,2,0
686,Camp Creek,2026-04-01,afternoon,dine-in,17.0,8.5,3,2,0
687,Camp Creek,2026-04-01,afternoon,take-out,32.0,16.0,3,2,0
688,Camp Creek,2026-04-01,evening,delivery,2.0,1.0,2,2,0
689,Camp Creek,2026-04-01,evening,dine-in,20.0,10.0,2,2,0
690,Camp Creek,2026-04-01,evening,take-out,13.0,6.5,2,2,0
691,Camp Creek,2026-04-01,morning,delivery,9.0,9.0,2,1,0
692,Camp Creek,2026-04-01,morning,dine-in,12.0,12.0,2,1,0
693,Camp Creek,2026-04-01,morning,take-out,17.0,17.0,2,1,0
694,Camp Creek,2026-04-02,afternoon,delivery,10.0,5.0,3,2,0
695,Camp Creek,2026-04-02,afternoon,dine-in,24.0,12.0,3,2,0
696,Camp Creek,2026-04-02,afternoon,take-out,29.0,14.5,3,2,0
697,Camp Creek,2026-04-02,evening,delivery,5.0,2.5,2,2,0
698,Camp Creek,2026-04-02,evening,dine-in,25.0,12.5,2,2,0
699,Camp Creek,2026-04-02,evening,take-out,7.0,3.5,2,2,0
700,Camp Creek,2026-04-02,morning,delivery,9.0,9.0,2,1,0
701,Camp Creek,2026-04-02,morning,dine-in,15.0,15.0,2,1,0
702,Camp Creek,2026-04-02,morning,take-out,8.0,8.0,2,1,0
703,Camp Creek,2026-04-03,afternoon,delivery,9.0,9.0,3,1,0
704,Camp Creek,2026-04-03,afternoon,dine-in,14.0,14.0,3,1,0
705,Camp Creek,2026-04-03,afternoon,take-out,23.0,23.0,3,1,0
706,Camp Creek,2026-04-03,morning,delivery,6.0,6.0,2,1,0
707,Camp Creek,2026-04-03,morning,dine-in,18.0,18.0,2,1,0
708,Camp Creek,2026-04-03,morning,take-out,15.0,15.0,2,1,0
709,Camp Creek,2026-04-04,afternoon,delivery,9.0,3.0,4,3,0
710,Camp Creek,2026-04-04,afternoon,dine-in,31.0,10.33,4,3,0
711,Camp Creek,2026-04-04,afternoon,take-out,31.0,10.33,4,3,0
712,Camp Creek,2026-04-04,evening,delivery,11.0,5.5,3,2,0
713,Camp Creek,2026-04-04,evening,dine-in,36.0,18.0,3,2,0
714,Camp Creek,2026-04-04,evening,take-out,16.0,8.0,3,2,0
715,Camp Creek,2026-04-04,morning,delivery,14.0,7.0,3,2,0
716,Camp Creek,2026-04-04,morning,dine-in,10.0,5.0,3,2,0
717,Camp Creek,2026-04-04,morning,take-out,9.0,4.5,3,2,0
718,Camp Creek,2026-04-05,afternoon,delivery,11.0,5.5,4,2,0
719,Camp Creek,2026-04-05,afternoon,dine-in,20.0,10.0,4,2,0
720,Camp Creek,2026-04-05,afternoon,take-out,29.0,14.5,4,2,0
721,Camp Creek,2026-04-05,evening,delivery,4.0,4.0,3,1,0
722,Camp Creek,2026-04-05,evening,dine-in,8.0,8.0,3,1,0
723,Camp Creek,2026-04-05,evening,take-out,19.0,19.0,3,1,0
724,Camp Creek,2026-04-05,morning,delivery,10.0,5.0,3,2,0
725,Camp Creek,2026-04-05,morning,dine-in,19.0,9.5,3,2,0
726,Camp Creek,2026-04-05,morning,take-out,17.0,8.5,3,2,0
727,Camp Creek,2026-04-06,evening,delivery,2.0,2.0,2,1,0
728,Camp Creek,2026-04-06,evening,dine-in,24.0,24.0,2,1,0
729,Camp Creek,2026-04-06,evening,take-out,12.0,12.0,2,1,0
730,Camp Creek,2026-04-07,afternoon,delivery,6.0,6.0,3,1,0
731,Camp Creek,2026-04-07,afternoon,dine-in,24.0,24.0,3,1,0
732,Camp Creek,2026-04-07,afternoon,take-out,18.0,18.0,3,1,0
733,Camp Creek,2026-04-07,evening,delivery,6.0,3.0,2,2,0
734,Camp Creek,2026-04-07,evening,dine-in,9.0,4.5,2,2,0
735,Camp Creek,2026-04-07,evening,take-out,25.0,12.5,2,2,0
736,Camp Creek,2026-04-08,afternoon,delivery,6.0,3.0,3,2,0
737,Camp Creek,2026-04-08,afternoon,dine-in,18.0,9.0,3,2,0
738,Camp Creek,2026-04-08,afternoon,take-out,35.0,17.5,3,2,0
739,Camp Creek,2026-04-08,evening,delivery,2.0,2.0,2,1,0
740,Camp Creek,2026-04-08,evening,dine-in,23.0,23.0,2,1,0
741,Camp Creek,2026-04-08,evening,take-out,24.0,24.0,2,1,0
742,Camp Creek,2026-04-08,morning,delivery,8.0,4.0,2,2,0
743,Camp Creek,2026-04-08,morning,dine-in,11.0,5.5,2,2,0
744,Camp Creek,2026-04-08,morning,take-out,17.0,8.5,2,2,0
745,Camp Creek,2026-04-09,afternoon,delivery,13.0,13.0,3,1,0
746,Camp Creek,2026-04-09,afternoon,dine-in,25.0,25.0,3,1,0
747,Camp Creek,2026-04-09,afternoon,take-out,17.0,17.0,3,1,0
748,Camp Creek,2026-04-09,evening,delivery,16.0,16.0,2,1,0
749,Camp Creek,2026-04-09,evening,dine-in,13.0,13.0,2,1,0
750,Camp Creek,2026-04-09,evening,take-out,6.0,6.0,2,1,0
751,Camp Creek,2026-04-09,morning,dine-in,27.0,13.5,2,2,0
752,Camp Creek,2026-04-09,morning,take-out,13.0,6.5,2,2,0
753,Camp Creek,2026-04-10,afternoon,delivery,10.0,10.0,3,1,0
754,Camp Creek,2026-04-10,afternoon,dine-in,20.0,20.0,3,1,0
755,Camp Creek,2026-04-10,afternoon,take-out,30.0,30.0,3,1,0
756,Camp Creek,2026-04-10,evening,delivery,1.0,1.0,2,1,0
757,Camp Creek,2026-04-10,evening,dine-in,23.0,23.0,2,1,0
758,Camp Creek,2026-04-10,evening,take-out,13.0,13.0,2,1,0
759,Camp Creek,2026-04-11,afternoon,delivery,8.0,4.0,4,2,0
760,Camp Creek,2026-04-11,afternoon,dine-in,31.0,15.5,4,2,0
761,Camp Creek,2026-04-11,afternoon,take-out,32.0,16.0,4,2,0
762,Camp Creek,2026-04-11,evening,delivery,3.0,3.0,3,1,0
763,Camp Creek,2026-04-11,evening,dine-in,24.0,24.0,3,1,0
764,Camp Creek,2026-04-11,evening,take-out,10.0,10.0,3,1,0
765,Camp Creek,2026-04-11,morning,delivery,16.0,16.0,3,1,0
766,Camp Creek,2026-04-11,morning,dine-in,14.0,14.0,3,1,0
767,Camp Creek,2026-04-11,morning,take-out,14.0,14.0,3,1,0
768,Camp Creek,2026-04-12,afternoon,delivery,10.0,10.0,4,1,0
769,Camp Creek,2026-04-12,afternoon,dine-in,31.0,31.0,4,1,0
770,Camp Creek,2026-04-12,afternoon,take-out,29.0,29.0,4,1,0
771,Camp Creek,2026-04-12,evening,delivery,11.0,11.0,3,1,0
772,Camp Creek,2026-04-12,evening,dine-in,26.0,26.0,3,1,0
773,Camp Creek,2026-04-12,evening,take-out,8.0,8.0,3,1,0
774,Camp Creek,2026-04-12,morning,delivery,10.0,10.0,3,1,0
775,Camp Creek,2026-04-12,morning,dine-in,9.0,9.0,3,1,0
776,Camp Creek,2026-04-12,morning,take-out,16.0,16.0,3,1,0
777,Camp Creek,2026-04-13,afternoon,delivery,3.0,3.0,3,1,0
778,Camp Creek,2026-04-13,afternoon,dine-in,31.0,31.0,3,1,0
779,Camp Creek,2026-04-13,afternoon,take-out,33.0,33.0,3,1,0
780,Camp Creek,2026-04-13,evening,delivery,15.0,15.0,2,1,0
781,Camp Creek,2026-04-13,evening,dine-in,11.0,11.0,2,1,0
782,Camp Creek,2026-04-13,evening,take-out,10.0,10.0,2,1,0
783,Camp Creek,2026-04-13,morning,delivery,7.0,7.0,2,1,0
784,Camp Creek,2026-04-13,morning,dine-in,20.0,20.0,2,1,0
785,Camp Creek,2026-04-13,morning,take-out,13.0,13.0,2,1,0
786,Camp Creek,2026-04-14,afternoon,delivery,21.0,21.0,3,1,0
787,Camp Creek,2026-04-14,afternoon,dine-in,33.0,33.0,3,1,0
788,Camp Creek,2026-04-14,afternoon,take-out,9.0,9.0,3,1,0
789,Camp Creek,2026-04-14,evening,delivery,6.0,3.0,2,2,0
790,Camp Creek,2026-04-14,evening,dine-in,18.0,9.0,2,2,0
791,Camp Creek,2026-04-14,evening,take-out,18.0,9.0,2,2,0
792,Camp Creek,2026-04-14,morning,delivery,7.0,3.5,2,2,0
793,Camp Creek,2026-04-14,morning,dine-in,14.0,7.0,2,2,0
794,Camp Creek,2026-04-14,morning,take-out,12.0,6.0,2,2,0
795,Camp Creek,2026-04-15,afternoon,delivery,9.0,4.5,3,2,0
796,Camp Creek,2026-04-15,afternoon,dine-in,12.0,6.0,3,2,0
797,Camp Creek,2026-04-15,afternoon,take-out,22.0,11.0,3,2,0
798,Camp Creek,2026-04-15,morning,delivery,16.0,16.0,2,1,0
799,Camp Creek,2026-04-15,morning,dine-in,7.0,7.0,2,1,0
800,Camp Creek,2026-04-15,morning,take-out,8.0,8.0,2,1,0
801,Camp Creek,2026-04-16,afternoon,delivery,9.0,4.5,3,2,0
802,Camp Creek,2026-04-16,afternoon,dine-in,24.0,12.0,3,2,0
803,Camp Creek,2026-04-16,afternoon,take-out,15.0,7.5,3,2,0
804,Camp Creek,2026-04-16,evening,delivery,12.0,6.0,2,2,0
805,Camp Creek,2026-04-16,evening,dine-in,17.0,8.5,2,2,0
806,Camp Creek,2026-04-16,evening,take-out,7.0,3.5,2,2,0
807,Camp Creek,2026-04-16,morning,delivery,1.0,0.5,2,2,0
808,Camp Creek,2026-04-16,morning,dine-in,11.0,5.5,2,2,0
809,Camp Creek,2026-04-16,morning,take-out,20.0,10.0,2,2,0
810,Camp Creek,2026-04-17,afternoon,delivery,6.0,6.0,3,1,0
811,Camp Creek,2026-04-17,afternoon,dine-in,20.0,20.0,3,1,0
812,Camp Creek,2026-04-17,afternoon,take-out,34.0,34.0,3,1,0
813,Camp Creek,2026-04-17,evening,delivery,6.0,6.0,2,1,0
814,Camp Creek,2026-04-17,evening,dine-in,19.0,19.0,2,1,0
815,Camp Creek,2026-04-17,evening,take-out,10.0,10.0,2,1,0
816,Camp Creek,2026-04-17,morning,delivery,3.0,3.0,2,1,0
817,Camp Creek,2026-04-17,morning,dine-in,7.0,7.0,2,1,0
818,Camp Creek,2026-04-17,morning,take-out,11.0,11.0,2,1,0
819,Camp Creek,2026-04-18,afternoon,delivery,11.0,11.0,4,1,0
820,Camp Creek,2026-04-18,afternoon,dine-in,22.0,22.0,4,1,0
821,Camp Creek,2026-04-18,afternoon,take-out,33.0,33.0,4,1,0
822,Camp Creek,2026-04-18,evening,delivery,2.0,0.67,3,3,0
823,Camp Creek,2026-04-18,evening,dine-in,27.0,9.0,3,3,0
824,Camp Creek,2026-04-18,evening,take-out,9.0,3.0,3,3,0
825,Camp Creek,2026-04-18,morning,delivery,5.0,5.0,3,1,0
826,Camp Creek,2026-04-18,morning,dine-in,16.0,16.0,3,1,0
827,Camp Creek,2026-04-18,morning,take-out,15.0,15.0,3,1,0
828,Camp Creek,2026-04-19,afternoon,delivery,22.0,22.0,4,1,0
829,Camp Creek,2026-04-19,afternoon,dine-in,23.0,23.0,4,1,0
830,Camp Creek,2026-04-19,afternoon,take-out,22.0,22.0,4,1,0
831,Camp Creek,2026-04-19,evening,delivery,6.0,3.0,3,2,0
832,Camp Creek,2026-04-19,evening,dine-in,35.0,17.5,3,2,0
833,Camp Creek,2026-04-19,evening,take-out,12.0,6.0,3,2,0
834,Camp Creek,2026-04-19,morning,delivery,5.0,5.0,3,1,0
835,Camp Creek,2026-04-19,morning,dine-in,12.0,12.0,3,1,0
836,Camp Creek,2026-04-19,morning,take-out,13.0,13.0,3,1,0
837,Camp Creek,2026-04-20,afternoon,delivery,10.0,5.0,3,2,0
838,Camp Creek,2026-04-20,afternoon,dine-in,24.0,12.0,3,2,0
839,Camp Creek,2026-04-20,afternoon,take-out,12.0,6.0,3,2,0
840,Camp Creek,2026-04-20,evening,delivery,3.0,1.5,2,2,0
841,Camp Creek,2026-04-20,evening,dine-in,28.0,14.0,2,2,0
842,Camp Creek,2026-04-20,evening,take-out,8.0,4.0,2,2,0
843,Camp Creek,2026-04-20,morning,delivery,11.0,5.5,2,2,0
844,Camp Creek,2026-04-20,morning,dine-in,15.0,7.5,2,2,0
845,Camp Creek,2026-04-20,morning,take-out,10.0,5.0,2,2,0
846,Camp Creek,2026-04-21,afternoon,delivery,9.0,9.0,3,1,0
847,Camp Creek,2026-04-21,afternoon,dine-in,11.0,11.0,3,1,0
848,Camp Creek,2026-04-21,afternoon,take-out,25.0,25.0,3,1,0
849,Camp Creek,2026-04-21,evening,delivery,11.0,11.0,2,1,0
850,Camp Creek,2026-04-21,evening,dine-in,12.0,12.0,2,1,0
851,Camp Creek,2026-04-21,evening,take-out,11.0,11.0,2,1,0
852,Camp Creek,2026-04-21,morning,delivery,8.0,8.0,2,1,0
853,Camp Creek,2026-04-21,morning,dine-in,7.0,7.0,2,1,0
854,Camp Creek,2026-04-21,morning,take-out,15.0,15.0,2,1,0
855,Camp Creek,2026-04-22,afternoon,delivery,11.0,3.67,3,3,0
856,Camp Creek,2026-04-22,afternoon,dine-in,16.0,5.33,3,3,0
857,Camp Creek,2026-04-22,afternoon,take-out,15.0,5.0,3,3,0
858,Camp Creek,2026-04-22,evening,delivery,5.0,5.0,2,1,0
859,Camp Creek,2026-04-22,evening,dine-in,7.0,7.0,2,1,0
860,Camp Creek,2026-04-22,evening,take-out,19.0,19.0,2,1,0
861,Camp Creek,2026-04-23,afternoon,delivery,10.0,10.0,3,1,0
862,Camp Creek,2026-04-23,afternoon,dine-in,23.0,23.0,3,1,0
863,Camp Creek,2026-04-23,afternoon,take-out,10.0,10.0,3,1,0
864,Camp Creek,2026-04-23,evening,delivery,8.0,4.0,2,2,0
865,Camp Creek,2026-04-23,evening,dine-in,8.0,4.0,2,2,0
866,Camp Creek,2026-04-23,evening,take-out,16.0,8.0,2,2,0
867,Camp Creek,2026-04-24,afternoon,delivery,18.0,18.0,3,1,0
868,Camp Creek,2026-04-24,afternoon,dine-in,20.0,20.0,3,1,0
869,Camp Creek,2026-04-24,afternoon,take-out,9.0,9.0,3,1,0
870,Camp Creek,2026-04-24,evening,delivery,6.0,6.0,2,1,0
871,Camp Creek,2026-04-24,evening,dine-in,10.0,10.0,2,1,0
872,Camp Creek,2026-04-24,evening,take-out,23.0,23.0,2,1,0
873,Camp Creek,2026-04-24,morning,delivery,4.0,4.0,2,1,0
874,Camp Creek,2026-04-24,morning,dine-in,17.0,17.0,2,1,0
875,Camp Creek,2026-04-24,morning,take-out,13.0,13.0,2,1,0
876,Camp Creek,2026-04-25,afternoon,delivery,19.0,4.75,4,4,0
877,Camp Creek,2026-04-25,afternoon,dine-in,24.0,6.0,4,4,0
878,Camp Creek,2026-04-25,afternoon,take-out,18.0,4.5,4,4,0
879,Camp Creek,2026-04-25,morning,delivery,3.0,1.5,3,2,0
880,Camp Creek,2026-04-25,morning,dine-in,18.0,9.0,3,2,0
881,Camp Creek,2026-04-25,morning,take-out,6.0,3.0,3,2,0
882,Camp Creek,2026-04-26,afternoon,delivery,11.0,5.5,4,2,0
883,Camp Creek,2026-04-26,afternoon,dine-in,24.0,12.0,4,2,0
884,Camp Creek,2026-04-26,afternoon,take-out,35.0,17.5,4,2,0
885,Camp Creek,2026-04-26,evening,delivery,11.0,3.67,3,3,0
886,Camp Creek,2026-04-26,evening,dine-in,4.0,1.33,3,3,0
887,Camp Creek,2026-04-26,evening,take-out,23.0,7.67,3,3,0
888,Camp Creek,2026-04-27,afternoon,delivery,9.0,3.0,3,3,0
889,Camp Creek,2026-04-27,afternoon,dine-in,24.0,8.0,3,3,0
890,Camp Creek,2026-04-27,afternoon,take-out,11.0,3.67,3,3,0
891,Camp Creek,2026-04-27,evening,delivery,12.0,12.0,2,1,0
892,Camp Creek,2026-04-27,evening,dine-in,25.0,25.0,2,1,0
893,Camp Creek,2026-04-27,evening,take-out,8.0,8.0,2,1,0
894,Camp Creek,2026-04-27,morning,delivery,10.0,10.0,2,1,0
895,Camp Creek,2026-04-27,morning,dine-in,19.0,19.0,2,1,0
896,Camp Creek,2026-04-27,morning,take-out,12.0,12.0,2,1,0
897,Camp Creek,2026-04-28,afternoon,delivery,16.0,8.0,3,2,0
898,Camp Creek,2026-04-28,afternoon,dine-in,10.0,5.0,3,2,0
899,Camp Creek,2026-04-28,afternoon,take-out,17.0,8.5,3,2,0
900,Camp Creek,2026-04-28,morning,delivery,10.0,10.0,2,1,0
901,Camp Creek,2026-04-28,morning,dine-in,6.0,6.0,2,1,0
902,Camp Creek,2026-04-28,morning,take-out,13.0,13.0,2,1,0
903,Camp Creek,2026-04-29,afternoon,delivery,6.0,3.0,3,2,0
904,Camp Creek,2026-04-29,afternoon,dine-in,28.0,14.0,3,2,0
905,Camp Creek,2026-04-29,afternoon,take-out,24.0,12.0,3,2,0
906,Camp Creek,2026-04-29,morning,delivery,4.0,4.0,2,1,0
907,Camp Creek,2026-04-29,morning,dine-in,21.0,21.0,2,1,0
908,Camp Creek,2026-04-29,morning,take-out,15.0,15.0,2,1,0
909,Camp Creek,2026-04-30,afternoon,delivery,10.0,3.33,3,3,0
910,Camp Creek,2026-04-30,afternoon,dine-in,22.0,7.33,3,3,0
911,Camp Creek,2026-04-30,afternoon,take-out,17.0,5.67,3,3,0
912,Camp Creek,2026-04-30,evening,delivery,3.0,1.5,2,2,0
913,Camp Creek,2026-04-30,evening,dine-in,19.0,9.5,2,2,0
914,Camp Creek,2026-04-30,evening,take-out,19.0,9.5,2,2,0
915,Camp Creek,2026-05-01,afternoon,delivery,13.0,13.0,3,1,0
916,Camp Creek,2026-05-01,afternoon,dine-in,15.0,15.0,3,1,0
917,Camp Creek,2026-05-01,afternoon,take-out,15.0,15.0,3,1,0
918,Camp Creek,2026-05-01,evening,delivery,9.0,9.0,2,1,0
919,Camp Creek,2026-05-01,evening,dine-in,10.0,10.0,2,1,0
920,Camp Creek,2026-05-01,evening,take-out,13.0,13.0,2,1,0
921,Camp Creek,2026-05-02,afternoon,delivery,8.0,2.67,4,3,0
922,Camp Creek,2026-05-02,afternoon,dine-in,32.0,10.67,4,3,0
923,Camp Creek,2026-05-02,afternoon,take-out,30.0,10.0,4,3,0
924,Camp Creek,2026-05-02,morning,delivery,5.0,2.5,3,2,0
925,Camp Creek,2026-05-02,morning,dine-in,19.0,9.5,3,2,0
926,Camp Creek,2026-05-02,morning,take-out,11.0,5.5,3,2,0
927,Camp Creek,2026-05-03,afternoon,delivery,16.0,16.0,4,1,0
928,Camp Creek,2026-05-03,afternoon,dine-in,26.0,26.0,4,1,0
929,Camp Creek,2026-05-03,afternoon,take-out,26.0,26.0,4,1,0
930,Camp Creek,2026-05-03,evening,delivery,10.0,5.0,3,2,0
931,Camp Creek,2026-05-03,evening,dine-in,21.0,10.5,3,2,0
932,Camp Creek,2026-05-03,evening,take-out,6.0,3.0,3,2,0
933,Camp Creek,2026-05-03,morning,delivery,5.0,1.67,3,3,0
934,Camp Creek,2026-05-03,morning,dine-in,12.0,4.0,3,3,0
935,Camp Creek,2026-05-03,morning,take-out,22.0,7.33,3,3,0
936,Camp Creek,2026-05-04,afternoon,delivery,21.0,10.5,3,2,0
937,Camp Creek,2026-05-04,afternoon,dine-in,25.0,12.5,3,2,0
938,Camp Creek,2026-05-04,afternoon,take-out,14.0,7.0,3,2,0
939,Camp Creek,2026-05-04,evening,delivery,18.0,18.0,2,1,0
940,Camp Creek,2026-05-04,evening,dine-in,14.0,14.0,2,1,0
941,Camp Creek,2026-05-04,evening,take-out,10.0,10.0,2,1,0
942,Camp Creek,2026-05-04,morning,delivery,6.0,3.0,2,2,0
943,Camp Creek,2026-05-04,morning,dine-in,13.0,6.5,2,2,0
944,Camp Creek,2026-05-04,morning,take-out,19.0,9.5,2,2,0
945,Camp Creek,2026-05-05,afternoon,delivery,15.0,7.5,3,2,0
946,Camp Creek,2026-05-05,afternoon,dine-in,17.0,8.5,3,2,0
947,Camp Creek,2026-05-05,afternoon,take-out,16.0,8.0,3,2,0
948,Camp Creek,2026-05-05,evening,delivery,5.0,2.5,2,2,0
949,Camp Creek,2026-05-05,evening,dine-in,16.0,8.0,2,2,0
950,Camp Creek,2026-05-05,evening,take-out,13.0,6.5,2,2,0
951,Camp Creek,2026-05-05,morning,delivery,1.0,1.0,2,1,0
952,Camp Creek,2026-05-05,morning,dine-in,21.0,21.0,2,1,0
953,Camp Creek,2026-05-05,morning,take-out,10.0,10.0,2,1,0
954,Camp Creek,2026-05-06,afternoon,delivery,7.0,3.5,3,2,0
955,Camp Creek,2026-05-06,afternoon,dine-in,21.0,10.5,3,2,0
956,Camp Creek,2026-05-06,afternoon,take-out,24.0,12.0,3,2,0
957,Camp Creek,2026-05-07,afternoon,delivery,12.0,6.0,3,2,0
958,Camp Creek,2026-05-07,afternoon,dine-in,32.0,16.0,3,2,0
959,Camp Creek,2026-05-07,afternoon,take-out,29.0,14.5,3,2,0
960,Camp Creek,2026-05-07,evening,delivery,5.0,2.5,2,2,0
961,Camp Creek,2026-05-07,evening,dine-in,11.0,5.5,2,2,0
962,Camp Creek,2026-05-07,evening,take-out,21.0,10.5,2,2,0
963,Camp Creek,2026-05-07,morning,delivery,15.0,15.0,2,1,0
964,Camp Creek,2026-05-07,morning,dine-in,7.0,7.0,2,1,0
965,Camp Creek,2026-05-07,morning,take-out,18.0,18.0,2,1,0
966,Camp Creek,2026-05-08,afternoon,delivery,10.0,5.0,3,2,0
967,Camp Creek,2026-05-08,afternoon,dine-in,18.0,9.0,3,2,0
968,Camp Creek,2026-05-08,afternoon,take-out,22.0,11.0,3,2,0
969,Camp Creek,2026-05-08,evening,delivery,7.0,7.0,2,1,0
970,Camp Creek,2026-05-08,evening,dine-in,19.0,19.0,2,1,0
971,Camp Creek,2026-05-08,evening,take-out,17.0,17.0,2,1,0
972,Camp Creek,2026-05-08,morning,delivery,6.0,6.0,2,1,0
973,Camp Creek,2026-05-08,morning,dine-in,15.0,15.0,2,1,0
974,Camp Creek,2026-05-08,morning,take-out,18.0,18.0,2,1,0
975,Camp Creek,2026-05-09,afternoon,delivery,15.0,5.0,4,3,0
976,Camp Creek,2026-05-09,afternoon,dine-in,24.0,8.0,4,3,0
977,Camp Creek,2026-05-09,afternoon,take-out,29.0,9.67,4,3,0
978,Camp Creek,2026-05-09,evening,delivery,9.0,3.0,3,3,0
979,Camp Creek,2026-05-09,evening,dine-in,16.0,5.33,3,3,0
980,Camp Creek,2026-05-09,evening,take-out,15.0,5.0,3,3,0
981,Camp Creek,2026-05-09,morning,delivery,9.0,4.5,3,2,0
982,Camp Creek,2026-05-09,morning,dine-in,12.0,6.0,3,2,0
983,Camp Creek,2026-05-09,morning,take-out,15.0,7.5,3,2,0
984,Camp Creek,2026-05-10,afternoon,delivery,6.0,2.0,4,3,0
985,Camp Creek,2026-05-10,afternoon,dine-in,32.0,10.67,4,3,0
986,Camp Creek,2026-05-10,afternoon,take-out,25.0,8.33,4,3,0
987,Camp Creek,2026-05-10,evening,delivery,15.0,5.0,3,3,0
988,Camp Creek,2026-05-10,evening,dine-in,14.0,4.67,3,3,0
989,Camp Creek,2026-05-10,evening,take-out,10.0,3.33,3,3,0
990,Camp Creek,2026-05-10,morning,delivery,6.0,6.0,3,1,0
991,Camp Creek,2026-05-10,morning,dine-in,14.0,14.0,3,1,0
992,Camp Creek,2026-05-10,morning,take-out,25.0,25.0,3,1,0
993,Camp Creek,2026-05-11,afternoon,delivery,6.0,6.0,3,1,0
994,Camp Creek,2026-05-11,afternoon,dine-in,15.0,15.0,3,1,0
995,Camp Creek,2026-05-11,afternoon,take-out,36.0,36.0,3,1,0
996,Camp Creek,2026-05-11,evening,delivery,3.0,1.5,2,2,0
997,Camp Creek,2026-05-11,evening,dine-in,20.0,10.0,2,2,0
998,Camp Creek,2026-05-11,evening,take-out,20.0,10.0,2,2,0
999,Camp Creek,2026-05-11,morning,delivery,5.0,5.0,2,1,0
1000,Camp Creek,2026-05-11,morning,dine-in,13.0,13.0,2,1,0
1001,Camp Creek,2026-05-11,morning,take-out,9.0,9.0,2,1,0
1002,Camp Creek,2026-05-12,evening,delivery,14.0,14.0,2,1,0
1003,Camp Creek,2026-05-12,evening,dine-in,13.0,13.0,2,1,0
1004,Camp Creek,2026-05-12,evening,take-out,18.0,18.0,2,1,0
1005,Camp Creek,2026-05-12,morning,delivery,4.0,2.0,2,2,0
1006,Camp Creek,2026-05-12,morning,dine-in,8.0,4.0,2,2,0
1007,Camp Creek,2026-05-12,morning,take-out,8.0,4.0,2,2,0
1008,Camp Creek,2026-05-13,afternoon,delivery,14.0,14.0,3,1,0
1009,Camp Creek,2026-05-13,afternoon,dine-in,10.0,10.0,3,1,0
1010,Camp Creek,2026-05-13,afternoon,take-out,34.0,34.0,3,1,0
1011,Camp Creek,2026-05-13,evening,delivery,8.0,8.0,2,1,0
1012,Camp Creek,2026-05-13,evening,dine-in,18.0,18.0,2,1,0
1013,Camp Creek,2026-05-13,evening,take-out,12.0,12.0,2,1,0
1014,Camp Creek,2026-05-13,morning,delivery,8.0,8.0,2,1,0
1015,Camp Creek,2026-05-13,morning,dine-in,18.0,18.0,2,1,0
1016,Camp Creek,2026-05-13,morning,take-out,9.0,9.0,2,1,0
1017,Camp Creek,2026-05-14,afternoon,delivery,8.0,8.0,3,1,0
1018,Camp Creek,2026-05-14,afternoon,dine-in,25.0,25.0,3,1,0
1019,Camp Creek,2026-05-14,afternoon,take-out,13.0,13.0,3,1,0
1020,Camp Creek,2026-05-14,evening,delivery,2.0,1.0,2,2,0
1021,Camp Creek,2026-05-14,evening,dine-in,15.0,7.5,2,2,0
1022,Camp Creek,2026-05-14,evening,take-out,19.0,9.5,2,2,0
1023,Camp Creek,2026-05-14,morning,delivery,10.0,10.0,2,1,0
1024,Camp Creek,2026-05-14,morning,dine-in,17.0,17.0,2,1,0
1025,Camp Creek,2026-05-14,morning,take-out,7.0,7.0,2,1,0
1026,Camp Creek,2026-05-15,afternoon,delivery,11.0,11.0,3,1,0
1027,Camp Creek,2026-05-15,afternoon,dine-in,16.0,16.0,3,1,0
1028,Camp Creek,2026-05-15,afternoon,take-out,29.0,29.0,3,1,0
1029,Camp Creek,2026-05-15,evening,delivery,5.0,2.5,2,2,0
1030,Camp Creek,2026-05-15,evening,dine-in,14.0,7.0,2,2,0
1031,Camp Creek,2026-05-15,evening,take-out,21.0,10.5,2,2,0
1032,Camp Creek,2026-05-15,morning,delivery,7.0,7.0,2,1,0
1033,Camp Creek,2026-05-15,morning,dine-in,6.0,6.0,2,1,0
1034,Camp Creek,2026-05-15,morning,take-out,21.0,21.0,2,1,0
1035,Camp Creek,2026-05-16,afternoon,delivery,11.0,5.5,4,2,0
1036,Camp Creek,2026-05-16,afternoon,dine-in,24.0,12.0,4,2,0
1037,Camp Creek,2026-05-16,afternoon,take-out,26.0,13.0,4,2,0
1038,Camp Creek,2026-05-16,evening,delivery,14.0,7.0,3,2,0
1039,Camp Creek,2026-05-16,evening,dine-in,18.0,9.0,3,2,0
1040,Camp Creek,2026-05-16,evening,take-out,15.0,7.5,3,2,0
1041,Camp Creek,2026-05-16,morning,delivery,8.0,8.0,3,1,0
1042,Camp Creek,2026-05-16,morning,dine-in,12.0,12.0,3,1,0
1043,Camp Creek,2026-05-16,morning,take-out,32.0,32.0,3,1,0
1044,Camp Creek,2026-05-17,afternoon,delivery,14.0,14.0,4,1,0
1045,Camp Creek,2026-05-17,afternoon,dine-in,33.0,33.0,4,1,0
1046,Camp Creek,2026-05-17,afternoon,take-out,31.0,31.0,4,1,0
1047,Camp Creek,2026-05-17,evening,delivery,6.0,3.0,3,2,0
1048,Camp Creek,2026-05-17,evening,dine-in,17.0,8.5,3,2,0
1049,Camp Creek,2026-05-17,evening,take-out,16.0,8.0,3,2,0
1050,Camp Creek,2026-05-17,morning,delivery,8.0,8.0,3,1,0
1051,Camp Creek,2026-05-17,morning,dine-in,10.0,10.0,3,1,0
1052,Camp Creek,2026-05-17,morning,take-out,21.0,21.0,3,1,0
1053,Camp Creek,2026-05-18,afternoon,delivery,13.0,6.5,3,2,0
1054,Camp Creek,2026-05-18,afternoon,dine-in,25.0,12.5,3,2,0
1055,Camp Creek,2026-05-18,afternoon,take-out,15.0,7.5,3,2,0
1056,Camp Creek,2026-05-18,evening,delivery,7.0,7.0,2,1,0
1057,Camp Creek,2026-05-18,evening,dine-in,7.0,7.0,2,1,0
1058,Camp Creek,2026-05-18,evening,take-out,9.0,9.0,2,1,0
1059,Camp Creek,2026-05-18,morning,delivery,18.0,18.0,2,1,0
1060,Camp Creek,2026-05-18,morning,dine-in,19.0,19.0,2,1,0
1061,Camp Creek,2026-05-18,morning,take-out,3.0,3.0,2,1,0
1062,Camp Creek,2026-05-19,afternoon,delivery,17.0,8.5,3,2,0
1063,Camp Creek,2026-05-19,afternoon,dine-in,19.0,9.5,3,2,0
1064,Camp Creek,2026-05-19,afternoon,take-out,18.0,9.0,3,2,0
1065,Camp Creek,2026-05-19,evening,delivery,7.0,7.0,2,1,0
1066,Camp Creek,2026-05-19,evening,dine-in,12.0,12.0,2,1,0
1067,Camp Creek,2026-05-19,evening,take-out,17.0,17.0,2,1,0
1068,Camp Creek,2026-05-19,morning,delivery,10.0,5.0,2,2,0
1069,Camp Creek,2026-05-19,morning,dine-in,11.0,5.5,2,2,0
1070,Camp Creek,2026-05-19,morning,take-out,10.0,5.0,2,2,0
1071,Camp Creek,2026-05-20,evening,delivery,8.0,8.0,2,1,0
1072,Camp Creek,2026-05-20,evening,dine-in,7.0,7.0,2,1,0
1073,Camp Creek,2026-05-20,evening,take-out,15.0,15.0,2,1,0
1074,Camp Creek,2026-05-20,morning,delivery,9.0,4.5,2,2,0
1075,Camp Creek,2026-05-20,morning,dine-in,6.0,3.0,2,2,0
1076,Camp Creek,2026-05-20,morning,take-out,14.0,7.0,2,2,0
1077,Camp Creek,2026-05-21,afternoon,delivery,5.0,2.5,3,2,0
1078,Camp Creek,2026-05-21,afternoon,dine-in,19.0,9.5,3,2,0
1079,Camp Creek,2026-05-21,afternoon,take-out,27.0,13.5,3,2,0
1080,Camp Creek,2026-05-21,evening,delivery,7.0,3.5,2,2,0
1081,Camp Creek,2026-05-21,evening,dine-in,10.0,5.0,2,2,0
1082,Camp Creek,2026-05-21,evening,take-out,18.0,9.0,2,2,0
1083,Camp Creek,2026-05-21,morning,delivery,13.0,13.0,2,1,0
1084,Camp Creek,2026-05-21,morning,dine-in,15.0,15.0,2,1,0
1085,Camp Creek,2026-05-21,morning,take-out,17.0,17.0,2,1,0
1086,Camp Creek,2026-05-22,afternoon,delivery,9.0,3.0,3,3,0
1087,Camp Creek,2026-05-22,afternoon,dine-in,15.0,5.0,3,3,0
1088,Camp Creek,2026-05-22,afternoon,take-out,21.0,7.0,3,3,0
1089,Camp Creek,2026-05-22,evening,delivery,11.0,5.5,2,2,0
1090,Camp Creek,2026-05-22,evening,dine-in,14.0,7.0,2,2,0
1091,Camp Creek,2026-05-22,evening,take-out,15.0,7.5,2,2,0
1092,Camp Creek,2026-05-22,morning,delivery,3.0,3.0,2,1,0
1093,Camp Creek,2026-05-22,morning,dine-in,3.0,3.0,2,1,0
1094,Camp Creek,2026-05-22,morning,take-out,14.0,14.0,2,1,0
1095,Camp Creek,2026-05-23,afternoon,delivery,12.0,12.0,4,1,0
1096,Camp Creek,2026-05-23,afternoon,dine-in,16.0,16.0,4,1,0
1097,Camp Creek,2026-05-23,afternoon,take-out,33.0,33.0,4,1,0
1098,Camp Creek,2026-05-23,evening,delivery,8.0,8.0,3,1,0
1099,Camp Creek,2026-05-23,evening,dine-in,15.0,15.0,3,1,0
1100,Camp Creek,2026-05-23,evening,take-out,22.0,22.0,3,1,0
1101,Camp Creek,2026-05-24,afternoon,delivery,12.0,6.0,4,2,0
1102,Camp Creek,2026-05-24,afternoon,dine-in,22.0,11.0,4,2,0
1103,Camp Creek,2026-05-24,afternoon,take-out,31.0,15.5,4,2,0
1104,Camp Creek,2026-05-24,evening,delivery,11.0,5.5,3,2,0
1105,Camp Creek,2026-05-24,evening,dine-in,27.0,13.5,3,2,0
1106,Camp Creek,2026-05-24,evening,take-out,12.0,6.0,3,2,0
1107,Camp Creek,2026-05-24,morning,delivery,4.0,2.0,3,2,0
1108,Camp Creek,2026-05-24,morning,dine-in,12.0,6.0,3,2,0
1109,Camp Creek,2026-05-24,morning,take-out,18.0,9.0,3,2,0
1110,Camp Creek,2026-05-25,afternoon,delivery,3.0,3.0,3,1,0
1111,Camp Creek,2026-05-25,afternoon,dine-in,22.0,22.0,3,1,0
1112,Camp Creek,2026-05-25,afternoon,take-out,19.0,19.0,3,1,0
1113,Camp Creek,2026-05-26,afternoon,delivery,7.0,7.0,3,1,0
1114,Camp Creek,2026-05-26,afternoon,dine-in,25.0,25.0,3,1,0
1115,Camp Creek,2026-05-26,afternoon,take-out,21.0,21.0,3,1,0
1116,Camp Creek,2026-05-26,evening,delivery,7.0,3.5,2,2,0
1117,Camp Creek,2026-05-26,evening,dine-in,10.0,5.0,2,2,0
1118,Camp Creek,2026-05-26,evening,take-out,10.0,5.0,2,2,0
1119,Camp Creek,2026-05-26,morning,delivery,7.0,7.0,2,1,0
1120,Camp Creek,2026-05-26,morning,dine-in,10.0,10.0,2,1,0
1121,Camp Creek,2026-05-26,morning,take-out,8.0,8.0,2,1,0
1122,Camp Creek,2026-05-27,afternoon,delivery,15.0,15.0,3,1,0
1123,Camp Creek,2026-05-27,afternoon,dine-in,19.0,19.0,3,1,0
1124,Camp Creek,2026-05-27,afternoon,take-out,14.0,14.0,3,1,0
1125,Camp Creek,2026-05-28,afternoon,delivery,6.0,6.0,3,1,0
1126,Camp Creek,2026-05-28,afternoon,dine-in,18.0,18.0,3,1,0
1127,Camp Creek,2026-05-28,afternoon,take-out,33.0,33.0,3,1,0
1128,Camp Creek,2026-05-28,evening,delivery,13.0,13.0,2,1,0
1129,Camp Creek,2026-05-28,evening,dine-in,7.0,7.0,2,1,0
1130,Camp Creek,2026-05-28,evening,take-out,15.0,15.0,2,1,0
1131,Camp Creek,2026-05-29,afternoon,delivery,22.0,11.0,3,2,0
1132,Camp Creek,2026-05-29,afternoon,dine-in,25.0,12.5,3,2,0
1133,Camp Creek,2026-05-29,afternoon,take-out,9.0,4.5,3,2,0
1134,Camp Creek,2026-05-29,morning,delivery,12.0,12.0,2,1,0
1135,Camp Creek,2026-05-29,morning,dine-in,7.0,7.0,2,1,0
1136,Camp Creek,2026-05-29,morning,take-out,18.0,18.0,2,1,0
1137,Camp Creek,2026-05-30,afternoon,delivery,10.0,5.0,4,2,0
1138,Camp Creek,2026-05-30,afternoon,dine-in,16.0,8.0,4,2,0
1139,Camp Creek,2026-05-30,afternoon,take-out,26.0,13.0,4,2,0
1140,Camp Creek,2026-05-30,evening,delivery,11.0,11.0,3,1,0
1141,Camp Creek,2026-05-30,evening,dine-in,12.0,12.0,3,1,0
1142,Camp Creek,2026-05-30,evening,take-out,29.0,29.0,3,1,0
1143,Camp Creek,2026-05-30,morning,delivery,5.0,2.5,3,2,0
1144,Camp Creek,2026-05-30,morning,dine-in,11.0,5.5,3,2,0
1145,Camp Creek,2026-05-30,morning,take-out,13.0,6.5,3,2,0
1146,Camp Creek,2026-05-31,afternoon,delivery,11.0,2.75,4,4,0
1147,Camp Creek,2026-05-31,afternoon,dine-in,43.0,10.75,4,4,0
1148,Camp Creek,2026-05-31,afternoon,take-out,28.0,7.0,4,4,0
1149,Camp Creek,2026-05-31,evening,delivery,12.0,4.0,3,3,0
1150,Camp Creek,2026-05-31,evening,dine-in,26.0,8.67,3,3,0
1151,Camp Creek,2026-05-31,evening,take-out,15.0,5.0,3,3,0
1152,Camp Creek,2026-05-31,morning,delivery,8.0,4.0,3,2,0
1153,Camp Creek,2026-05-31,morning,dine-in,3.0,1.5,3,2,0
1154,Camp Creek,2026-05-31,morning,take-out,19.0,9.5,3,2,0
1155,Camp Creek,2026-06-01,afternoon,delivery,1.0,0.5,3,2,0
1156,Camp Creek,2026-06-01,afternoon,dine-in,26.0,13.0,3,2,0
1157,Camp Creek,2026-06-01,afternoon,take-out,33.0,16.5,3,2,0
1158,Camp Creek,2026-06-01,evening,delivery,14.0,14.0,2,1,0
1159,Camp Creek,2026-06-01,evening,dine-in,15.0,15.0,2,1,0
1160,Camp Creek,2026-06-01,evening,take-out,18.0,18.0,2,1,0
1161,Camp Creek,2026-06-01,morning,delivery,9.0,4.5,2,2,0
1162,Camp Creek,2026-06-01,morning,dine-in,15.0,7.5,2,2,0
1163,Camp Creek,2026-06-01,morning,take-out,6.0,3.0,2,2,0
1164,Camp Creek,2026-06-02,afternoon,delivery,6.0,3.0,3,2,0
1165,Camp Creek,2026-06-02,afternoon,dine-in,9.0,4.5,3,2,0
1166,Camp Creek,2026-06-02,afternoon,take-out,31.0,15.5,3,2,0
1167,Camp Creek,2026-06-02,evening,delivery,8.0,8.0,2,1,0
1168,Camp Creek,2026-06-02,evening,dine-in,15.0,15.0,2,1,0
1169,Camp Creek,2026-06-02,evening,take-out,19.0,19.0,2,1,0
1170,Camp Creek,2026-06-02,morning,delivery,4.0,4.0,2,1,0
1171,Camp Creek,2026-06-02,morning,dine-in,8.0,8.0,2,1,0
1172,Camp Creek,2026-06-02,morning,take-out,15.0,15.0,2,1,0
1173,Camp Creek,2026-06-03,afternoon,delivery,10.0,5.0,3,2,0
1174,Camp Creek,2026-06-03,afternoon,dine-in,13.0,6.5,3,2,0
1175,Camp Creek,2026-06-03,afternoon,take-out,21.0,10.5,3,2,0
1176,Camp Creek,2026-06-03,evening,delivery,25.0,25.0,2,1,0
1177,Camp Creek,2026-06-03,evening,dine-in,12.0,12.0,2,1,0
1178,Camp Creek,2026-06-03,evening,take-out,10.0,10.0,2,1,0
1179,Camp Creek,2026-06-03,morning,delivery,11.0,5.5,2,2,0
1180,Camp Creek,2026-06-03,morning,dine-in,14.0,7.0,2,2,0
1181,Camp Creek,2026-06-03,morning,take-out,13.0,6.5,2,2,0
1182,Camp Creek,2026-06-04,afternoon,delivery,20.0,10.0,3,2,0
1183,Camp Creek,2026-06-04,afternoon,dine-in,20.0,10.0,3,2,0
1184,Camp Creek,2026-06-04,afternoon,take-out,16.0,8.0,3,2,0
1185,Camp Creek,2026-06-04,evening,delivery,9.0,9.0,2,1,0
1186,Camp Creek,2026-06-04,evening,dine-in,10.0,10.0,2,1,0
1187,Camp Creek,2026-06-04,evening,take-out,24.0,24.0,2,1,0
1188,Camp Creek,2026-06-04,morning,delivery,11.0,5.5,2,2,0
1189,Camp Creek,2026-06-04,morning,dine-in,8.0,4.0,2,2,0
1190,Camp Creek,2026-06-04,morning,take-out,3.0,1.5,2,2,0
1191,Camp Creek,2026-06-05,afternoon,delivery,14.0,4.67,3,3,0
1192,Camp Creek,2026-06-05,afternoon,dine-in,16.0,5.33,3,3,0
1193,Camp Creek,2026-06-05,afternoon,take-out,21.0,7.0,3,3,0
1194,Camp Creek,2026-06-05,evening,delivery,12.0,6.0,2,2,0
1195,Camp Creek,2026-06-05,evening,dine-in,9.0,4.5,2,2,0
1196,Camp Creek,2026-06-05,evening,take-out,16.0,8.0,2,2,0
1197,Camp Creek,2026-06-05,morning,delivery,3.0,3.0,2,1,0
1198,Camp Creek,2026-06-05,morning,dine-in,10.0,10.0,2,1,0
1199,Camp Creek,2026-06-05,morning,take-out,15.0,15.0,2,1,0
1200,Camp Creek,2026-06-06,afternoon,delivery,20.0,10.0,4,2,0
1201,Camp Creek,2026-06-06,afternoon,dine-in,24.0,12.0,4,2,0
1202,Camp Creek,2026-06-06,afternoon,take-out,28.0,14.0,4,2,0
1203,Camp Creek,2026-06-06,evening,delivery,18.0,9.0,3,2,0
1204,Camp Creek,2026-06-06,evening,dine-in,17.0,8.5,3,2,0
1205,Camp Creek,2026-06-06,evening,take-out,14.0,7.0,3,2,0
1206,Camp Creek,2026-06-06,morning,delivery,4.0,4.0,3,1,0
1207,Camp Creek,2026-06-06,morning,dine-in,17.0,17.0,3,1,0
1208,Camp Creek,2026-06-06,morning,take-out,22.0,22.0,3,1,0
1209,Camp Creek,2026-06-07,afternoon,delivery,9.0,9.0,4,1,0
1210,Camp Creek,2026-06-07,afternoon,dine-in,35.0,35.0,4,1,0
1211,Camp Creek,2026-06-07,afternoon,take-out,24.0,24.0,4,1,0
1212,Camp Creek,2026-06-07,evening,delivery,9.0,4.5,3,2,0
1213,Camp Creek,2026-06-07,evening,dine-in,23.0,11.5,3,2,0
1214,Camp Creek,2026-06-07,evening,take-out,10.0,5.0,3,2,0
1215,Camp Creek,2026-06-07,morning,delivery,5.0,2.5,3,2,0
1216,Camp Creek,2026-06-07,morning,dine-in,12.0,6.0,3,2,0
1217,Camp Creek,2026-06-07,morning,take-out,18.0,9.0,3,2,0
1218,Camp Creek,2026-06-08,afternoon,delivery,8.0,4.0,3,2,0
1219,Camp Creek,2026-06-08,afternoon,dine-in,32.0,16.0,3,2,0
1220,Camp Creek,2026-06-08,afternoon,take-out,25.0,12.5,3,2,0
1221,Camp Creek,2026-06-08,evening,delivery,6.0,3.0,2,2,0
1222,Camp Creek,2026-06-08,evening,dine-in,16.0,8.0,2,2,0
1223,Camp Creek,2026-06-08,evening,take-out,23.0,11.5,2,2,0
1224,Camp Creek,2026-06-08,morning,delivery,17.0,8.5,2,2,0
1225,Camp Creek,2026-06-08,morning,dine-in,7.0,3.5,2,2,0
1226,Camp Creek,2026-06-08,morning,take-out,7.0,3.5,2,2,0
1227,Camp Creek,2026-06-09,afternoon,delivery,8.0,8.0,3,1,0
1228,Camp Creek,2026-06-09,afternoon,dine-in,31.0,31.0,3,1,0
1229,Camp Creek,2026-06-09,afternoon,take-out,21.0,21.0,3,1,0
1230,Camp Creek,2026-06-09,evening,delivery,13.0,13.0,2,1,0
1231,Camp Creek,2026-06-09,evening,dine-in,17.0,17.0,2,1,0
1232,Camp Creek,2026-06-09,evening,take-out,16.0,16.0,2,1,0
1233,Camp Creek,2026-06-09,morning,delivery,2.0,1.0,2,2,0
1234,Camp Creek,2026-06-09,morning,dine-in,8.0,4.0,2,2,0
1235,Camp Creek,2026-06-09,morning,take-out,24.0,12.0,2,2,0
1236,Camp Creek,2026-06-10,afternoon,delivery,13.0,13.0,3,1,0
1237,Camp Creek,2026-06-10,afternoon,dine-in,15.0,15.0,3,1,0
1238,Camp Creek,2026-06-10,afternoon,take-out,24.0,24.0,3,1,0
1239,Camp Creek,2026-06-10,evening,delivery,6.0,3.0,2,2,0
1240,Camp Creek,2026-06-10,evening,dine-in,13.0,6.5,2,2,0
1241,Camp Creek,2026-06-10,evening,take-out,17.0,8.5,2,2,0
1242,Camp Creek,2026-06-10,morning,delivery,6.0,3.0,2,2,0
1243,Camp Creek,2026-06-10,morning,dine-in,16.0,8.0,2,2,0
1244,Camp Creek,2026-06-10,morning,take-out,5.0,2.5,2,2,0
1245,Camp Creek,2026-06-11,afternoon,delivery,13.0,4.33,3,3,0
1246,Camp Creek,2026-06-11,afternoon,dine-in,14.0,4.67,3,3,0
1247,Camp Creek,2026-06-11,afternoon,take-out,22.0,7.33,3,3,0
1248,Camp Creek,2026-06-11,morning,delivery,7.0,3.5,2,2,0
1249,Camp Creek,2026-06-11,morning,dine-in,3.0,1.5,2,2,0
1250,Camp Creek,2026-06-11,morning,take-out,10.0,5.0,2,2,0
1251,Camp Creek,2026-06-12,afternoon,delivery,11.0,5.5,3,2,0
1252,Camp Creek,2026-06-12,afternoon,dine-in,21.0,10.5,3,2,0
1253,Camp Creek,2026-06-12,afternoon,take-out,11.0,5.5,3,2,0
1254,Camp Creek,2026-06-12,evening,delivery,9.0,9.0,2,1,0
1255,Camp Creek,2026-06-12,evening,dine-in,23.0,23.0,2,1,0
1256,Camp Creek,2026-06-12,evening,take-out,9.0,9.0,2,1,0
1257,Camp Creek,2026-06-12,morning,delivery,6.0,3.0,2,2,0
1258,Camp Creek,2026-06-12,morning,dine-in,9.0,4.5,2,2,0
1259,Camp Creek,2026-06-12,morning,take-out,18.0,9.0,2,2,0
1260,Camp Creek,2026-06-13,afternoon,delivery,7.0,7.0,4,1,0
1261,Camp Creek,2026-06-13,afternoon,dine-in,27.0,27.0,4,1,0
1262,Camp Creek,2026-06-13,afternoon,take-out,29.0,29.0,4,1,0
1263,Camp Creek,2026-06-13,evening,delivery,12.0,6.0,3,2,0
1264,Camp Creek,2026-06-13,evening,dine-in,14.0,7.0,3,2,0
1265,Camp Creek,2026-06-13,evening,take-out,11.0,5.5,3,2,0
1266,Camp Creek,2026-06-13,morning,delivery,7.0,7.0,3,1,0
1267,Camp Creek,2026-06-13,morning,dine-in,13.0,13.0,3,1,0
1268,Camp Creek,2026-06-13,morning,take-out,19.0,19.0,3,1,0
1269,Camp Creek,2026-06-14,afternoon,delivery,15.0,7.5,4,2,0
1270,Camp Creek,2026-06-14,afternoon,dine-in,35.0,17.5,4,2,0
1271,Camp Creek,2026-06-14,afternoon,take-out,22.0,11.0,4,2,0
1272,Camp Creek,2026-06-14,evening,delivery,6.0,3.0,3,2,0
1273,Camp Creek,2026-06-14,evening,dine-in,16.0,8.0,3,2,0
1274,Camp Creek,2026-06-14,evening,take-out,14.0,7.0,3,2,0
1275,Camp Creek,2026-06-14,morning,delivery,7.0,3.5,3,2,0
1276,Camp Creek,2026-06-14,morning,dine-in,10.0,5.0,3,2,0
1277,Camp Creek,2026-06-14,morning,take-out,13.0,6.5,3,2,0
1278,Camp Creek,2026-06-15,afternoon,delivery,25.0,12.5,6,2,1
1279,Camp Creek,2026-06-15,afternoon,dine-in,31.0,15.5,6,2,1
1280,Camp Creek,2026-06-15,afternoon,take-out,36.0,18.0,6,2,1
1281,Camp Creek,2026-06-15,evening,delivery,8.0,8.0,4,1,1
1282,Camp Creek,2026-06-15,evening,dine-in,9.0,9.0,4,1,1
1283,Camp Creek,2026-06-15,evening,take-out,19.0,19.0,4,1,1
1284,Camp Creek,2026-06-15,morning,delivery,2.0,2.0,4,1,1
1285,Camp Creek,2026-06-15,morning,dine-in,28.0,28.0,4,1,1
1286,Camp Creek,2026-06-15,morning,take-out,14.0,14.0,4,1,1
1287,Camp Creek,2026-06-16,afternoon,delivery,13.0,13.0,3,1,0
1288,Camp Creek,2026-06-16,afternoon,dine-in,25.0,25.0,3,1,0
1289,Camp Creek,2026-06-16,afternoon,take-out,29.0,29.0,3,1,0
1290,Camp Creek,2026-06-16,evening,delivery,5.0,5.0,2,1,0
1291,Camp Creek,2026-06-16,evening,dine-in,19.0,19.0,2,1,0
1292,Camp Creek,2026-06-16,evening,take-out,25.0,25.0,2,1,0
1293,Camp Creek,2026-06-16,morning,delivery,3.0,1.5,2,2,0
1294,Camp Creek,2026-06-16,morning,dine-in,9.0,4.5,2,2,0
1295,Camp Creek,2026-06-16,morning,take-out,19.0,9.5,2,2,0
1296,Camp Creek,2026-06-17,evening,delivery,1.0,1.0,2,1,0
1297,Camp Creek,2026-06-17,evening,dine-in,19.0,19.0,2,1,0
1298,Camp Creek,2026-06-17,evening,take-out,13.0,13.0,2,1,0
1299,Camp Creek,2026-06-17,morning,delivery,10.0,10.0,2,1,0
1300,Camp Creek,2026-06-17,morning,dine-in,10.0,10.0,2,1,0
1301,Camp Creek,2026-06-17,morning,take-out,15.0,15.0,2,1,0
1302,Camp Creek,2026-06-18,afternoon,delivery,10.0,5.0,6,2,1
1303,Camp Creek,2026-06-18,afternoon,dine-in,36.0,18.0,6,2,1
1304,Camp Creek,2026-06-18,afternoon,take-out,26.0,13.0,6,2,1
1305,Camp Creek,2026-06-18,evening,delivery,5.0,1.67,4,3,1
1306,Camp Creek,2026-06-18,evening,dine-in,18.0,6.0,4,3,1
1307,Camp Creek,2026-06-18,evening,take-out,26.0,8.67,4,3,1
1308,Camp Creek,2026-06-18,morning,delivery,7.0,3.5,4,2,1
1309,Camp Creek,2026-06-18,morning,dine-in,17.0,8.5,4,2,1
1310,Camp Creek,2026-06-18,morning,take-out,9.0,4.5,4,2,1
1311,Camp Creek,2026-06-19,afternoon,delivery,7.0,3.5,3,2,0
1312,Camp Creek,2026-06-19,afternoon,dine-in,14.0,7.0,3,2,0
1313,Camp Creek,2026-06-19,afternoon,take-out,32.0,16.0,3,2,0
1314,Camp Creek,2026-06-19,evening,delivery,9.0,9.0,2,1,0
1315,Camp Creek,2026-06-19,evening,dine-in,12.0,12.0,2,1,0
1316,Camp Creek,2026-06-19,evening,take-out,18.0,18.0,2,1,0
1317,Camp Creek,2026-06-19,morning,delivery,15.0,15.0,2,1,0
1318,Camp Creek,2026-06-19,morning,dine-in,8.0,8.0,2,1,0
1319,Camp Creek,2026-06-19,morning,take-out,10.0,10.0,2,1,0
1320,Camp Creek,2026-06-20,afternoon,delivery,26.0,8.67,4,3,0
1321,Camp Creek,2026-06-20,afternoon,dine-in,16.0,5.33,4,3,0
1322,Camp Creek,2026-06-20,afternoon,take-out,29.0,9.67,4,3,0
1323,Camp Creek,2026-06-20,evening,delivery,15.0,15.0,3,1,0
1324,Camp Creek,2026-06-20,evening,dine-in,25.0,25.0,3,1,0
1325,Camp Creek,2026-06-20,evening,take-out,17.0,17.0,3,1,0
1326,Camp Creek,2026-06-20,morning,delivery,4.0,2.0,3,2,0
1327,Camp Creek,2026-06-20,morning,dine-in,23.0,11.5,3,2,0
1328,Camp Creek,2026-06-20,morning,take-out,8.0,4.0,3,2,0
1329,Camp Creek,2026-06-21,afternoon,delivery,17.0,4.25,6,4,1
1330,Camp Creek,2026-06-21,afternoon,dine-in,47.0,11.75,6,4,1
1331,Camp Creek,2026-06-21,afternoon,take-out,55.0,13.75,6,4,1
1332,Camp Creek,2026-06-21,evening,delivery,21.0,10.5,4,2,1
1333,Camp Creek,2026-06-21,evening,dine-in,19.0,9.5,4,2,1
1334,Camp Creek,2026-06-21,evening,take-out,18.0,9.0,4,2,1
1335,Camp Creek,2026-06-21,morning,delivery,14.0,7.0,4,2,1
1336,Camp Creek,2026-06-21,morning,dine-in,38.0,19.0,4,2,1
1337,Camp Creek,2026-06-21,morning,take-out,15.0,7.5,4,2,1
1338,Camp Creek,2026-06-22,afternoon,delivery,19.0,19.0,3,1,0
1339,Camp Creek,2026-06-22,afternoon,dine-in,21.0,21.0,3,1,0
1340,Camp Creek,2026-06-22,afternoon,take-out,18.0,18.0,3,1,0
1341,Camp Creek,2026-06-22,evening,delivery,2.0,1.0,2,2,0
1342,Camp Creek,2026-06-22,evening,dine-in,15.0,7.5,2,2,0
1343,Camp Creek,2026-06-22,evening,take-out,17.0,8.5,2,2,0
1344,Camp Creek,2026-06-22,morning,delivery,11.0,11.0,2,1,0
1345,Camp Creek,2026-06-22,morning,dine-in,14.0,14.0,2,1,0
1346,Camp Creek,2026-06-22,morning,take-out,19.0,19.0,2,1,0
1347,Camp Creek,2026-06-23,afternoon,dine-in,31.0,10.33,3,3,0
1348,Camp Creek,2026-06-23,afternoon,take-out,22.0,7.33,3,3,0
1349,Camp Creek,2026-06-23,evening,delivery,6.0,6.0,2,1,0
1350,Camp Creek,2026-06-23,evening,dine-in,19.0,19.0,2,1,0
1351,Camp Creek,2026-06-23,evening,take-out,10.0,10.0,2,1,0
1352,Camp Creek,2026-06-23,morning,delivery,6.0,6.0,2,1,0
1353,Camp Creek,2026-06-23,morning,dine-in,5.0,5.0,2,1,0
1354,Camp Creek,2026-06-23,morning,take-out,15.0,15.0,2,1,0
1355,Camp Creek,2026-06-24,afternoon,delivery,17.0,5.67,6,3,1
1356,Camp Creek,2026-06-24,afternoon,dine-in,61.0,20.33,6,3,1
1357,Camp Creek,2026-06-24,afternoon,take-out,16.0,5.33,6,3,1
1358,Camp Creek,2026-06-24,evening,delivery,16.0,8.0,4,2,1
1359,Camp Creek,2026-06-24,evening,dine-in,21.0,10.5,4,2,1
1360,Camp Creek,2026-06-24,evening,take-out,29.0,14.5,4,2,1
1361,Camp Creek,2026-06-24,morning,delivery,2.0,0.67,4,3,1
1362,Camp Creek,2026-06-24,morning,dine-in,15.0,5.0,4,3,1
1363,Camp Creek,2026-06-24,morning,take-out,27.0,9.0,4,3,1
1364,Camp Creek,2026-06-25,afternoon,delivery,10.0,10.0,3,1,0
1365,Camp Creek,2026-06-25,afternoon,dine-in,13.0,13.0,3,1,0
1366,Camp Creek,2026-06-25,afternoon,take-out,19.0,19.0,3,1,0
1367,Camp Creek,2026-06-25,evening,delivery,4.0,4.0,2,1,0
1368,Camp Creek,2026-06-25,evening,dine-in,14.0,14.0,2,1,0
1369,Camp Creek,2026-06-25,evening,take-out,23.0,23.0,2,1,0
1370,Camp Creek,2026-06-25,morning,delivery,2.0,2.0,2,1,0
1371,Camp Creek,2026-06-25,morning,dine-in,20.0,20.0,2,1,0
1372,Camp Creek,2026-06-25,morning,take-out,15.0,15.0,2,1,0
1373,Camp Creek,2026-06-26,afternoon,delivery,9.0,4.5,3,2,0
1374,Camp Creek,2026-06-26,afternoon,dine-in,12.0,6.0,3,2,0
1375,Camp Creek,2026-06-26,afternoon,take-out,17.0,8.5,3,2,0
1376,Camp Creek,2026-06-26,evening,delivery,11.0,11.0,2,1,0
1377,Camp Creek,2026-06-26,evening,dine-in,12.0,12.0,2,1,0
1378,Camp Creek,2026-06-26,evening,take-out,8.0,8.0,2,1,0
1379,Camp Creek,2026-06-26,morning,delivery,5.0,5.0,2,1,0
1380,Camp Creek,2026-06-26,morning,dine-in,13.0,13.0,2,1,0
1381,Camp Creek,2026-06-26,morning,take-out,16.0,16.0,2,1,0
1382,Camp Creek,2026-06-27,afternoon,delivery,19.0,6.33,6,3,1
1383,Camp Creek,2026-06-27,afternoon,dine-in,47.0,15.67,6,3,1
1384,Camp Creek,2026-06-27,afternoon,take-out,27.0,9.0,6,3,1
1385,Camp Creek,2026-06-27,evening,delivery,7.0,3.5,4,2,1
1386,Camp Creek,2026-06-27,evening,dine-in,23.0,11.5,4,2,1
1387,Camp Creek,2026-06-27,evening,take-out,27.0,13.5,4,2,1
1388,Camp Creek,2026-06-27,morning,delivery,9.0,3.0,4,3,1
1389,Camp Creek,2026-06-27,morning,dine-in,13.0,4.33,4,3,1
1390,Camp Creek,2026-06-27,morning,take-out,22.0,7.33,4,3,1
1391,Camp Creek,2026-06-28,afternoon,delivery,8.0,8.0,4,1,0
1392,Camp Creek,2026-06-28,afternoon,dine-in,22.0,22.0,4,1,0
1393,Camp Creek,2026-06-28,afternoon,take-out,27.0,27.0,4,1,0
1394,Camp Creek,2026-06-28,evening,delivery,22.0,11.0,3,2,0
1395,Camp Creek,2026-06-28,evening,dine-in,9.0,4.5,3,2,0
1396,Camp Creek,2026-06-28,evening,take-out,13.0,6.5,3,2,0
1397,Camp Creek,2026-06-28,morning,delivery,13.0,6.5,3,2,0
1398,Camp Creek,2026-06-28,morning,dine-in,6.0,3.0,3,2,0
1399,Camp Creek,2026-06-28,morning,take-out,23.0,11.5,3,2,0
1400,Camp Creek,2026-06-29,afternoon,delivery,18.0,9.0,3,2,0
1401,Camp Creek,2026-06-29,afternoon,dine-in,14.0,7.0,3,2,0
1402,Camp Creek,2026-06-29,afternoon,take-out,26.0,13.0,3,2,0
1403,Camp Creek,2026-06-29,evening,delivery,7.0,7.0,2,1,0
1404,Camp Creek,2026-06-29,evening,dine-in,5.0,5.0,2,1,0
1405,Camp Creek,2026-06-29,evening,take-out,22.0,22.0,2,1,0
1406,Camp Creek,2026-06-29,morning,delivery,15.0,15.0,2,1,0
1407,Camp Creek,2026-06-29,morning,dine-in,14.0,14.0,2,1,0
1408,Camp Creek,2026-06-29,morning,take-out,12.0,12.0,2,1,0
1409,Camp Creek,2026-06-30,afternoon,delivery,8.0,2.67,3,3,0
1410,Camp Creek,2026-06-30,afternoon,dine-in,19.0,6.33,3,3,0
1411,Camp Creek,2026-06-30,afternoon,take-out,28.0,9.33,3,3,0
1412,Camp Creek,2026-06-30,evening,delivery,12.0,6.0,2,2,0
1413,Camp Creek,2026-06-30,evening,dine-in,20.0,10.0,2,2,0
1414,Camp Creek,2026-06-30,evening,take-out,20.0,10.0,2,2,0
1415,Camp Creek,2026-06-30,morning,delivery,4.0,4.0,2,1,0
1416,Camp Creek,2026-06-30,morning,dine-in,13.0,13.0,2,1,0
1417,Camp Creek,2026-06-30,morning,take-out,16.0,16.0,2,1,0
1418,Decatur,2026-01-01,afternoon,delivery,14.0,3.5,6,4,0
1419,Decatur,2026-01-01,afternoon,dine-in,16.0,4.0,6,4,0
1420,Decatur,2026-01-01,afternoon,take-out,37.0,9.25,6,4,0
1421,Decatur,2026-01-01,evening,delivery,12.0,12.0,4,1,0
1422,Decatur,2026-01-01,evening,dine-in,26.0,26.0,4,1,0
1423,Decatur,2026-01-01,evening,take-out,15.0,15.0,4,1,0
1424,Decatur,2026-01-01,morning,delivery,7.0,2.33,3,3,0
1425,Decatur,2026-01-01,morning,dine-in,11.0,3.67,3,3,0
1426,Decatur,2026-01-01,morning,take-out,14.0,4.67,3,3,0
1427,Decatur,2026-01-02,afternoon,delivery,16.0,16.0,6,1,0
1428,Decatur,2026-01-02,afternoon,dine-in,20.0,20.0,6,1,0
1429,Decatur,2026-01-02,afternoon,take-out,25.0,25.0,6,1,0
1430,Decatur,2026-01-02,evening,delivery,6.0,2.0,4,3,0
1431,Decatur,2026-01-02,evening,dine-in,20.0,6.67,4,3,0
1432,Decatur,2026-01-02,evening,take-out,19.0,6.33,4,3,0
1433,Decatur,2026-01-02,morning,delivery,10.0,10.0,3,1,0
1434,Decatur,2026-01-02,morning,dine-in,4.0,4.0,3,1,0
1435,Decatur,2026-01-02,morning,take-out,21.0,21.0,3,1,0
1436,Decatur,2026-01-03,afternoon,delivery,8.0,2.0,7,4,0
1437,Decatur,2026-01-03,afternoon,dine-in,37.0,9.25,7,4,0
1438,Decatur,2026-01-03,afternoon,take-out,26.0,6.5,7,4,0
1439,Decatur,2026-01-03,evening,delivery,12.0,4.0,5,3,0
1440,Decatur,2026-01-03,evening,dine-in,31.0,10.33,5,3,0
1441,Decatur,2026-01-03,evening,take-out,19.0,6.33,5,3,0
1442,Decatur,2026-01-04,afternoon,delivery,15.0,5.0,7,3,0
1443,Decatur,2026-01-04,afternoon,dine-in,23.0,7.67,7,3,0
1444,Decatur,2026-01-04,afternoon,take-out,29.0,9.67,7,3,0
1445,Decatur,2026-01-04,evening,delivery,9.0,4.5,5,2,0
1446,Decatur,2026-01-04,evening,dine-in,30.0,15.0,5,2,0
1447,Decatur,2026-01-04,evening,take-out,23.0,11.5,5,2,0
1448,Decatur,2026-01-04,morning,delivery,7.0,3.5,3,2,0
1449,Decatur,2026-01-04,morning,dine-in,12.0,6.0,3,2,0
1450,Decatur,2026-01-04,morning,take-out,19.0,9.5,3,2,0
1451,Decatur,2026-01-05,afternoon,delivery,18.0,9.0,6,2,0
1452,Decatur,2026-01-05,afternoon,dine-in,29.0,14.5,6,2,0
1453,Decatur,2026-01-05,afternoon,take-out,15.0,7.5,6,2,0
1454,Decatur,2026-01-05,evening,delivery,7.0,3.5,4,2,0
1455,Decatur,2026-01-05,evening,dine-in,34.0,17.0,4,2,0
1456,Decatur,2026-01-05,evening,take-out,19.0,9.5,4,2,0
1457,Decatur,2026-01-06,afternoon,delivery,20.0,10.0,6,2,0
1458,Decatur,2026-01-06,afternoon,dine-in,25.0,12.5,6,2,0
1459,Decatur,2026-01-06,afternoon,take-out,16.0,8.0,6,2,0
1460,Decatur,2026-01-06,evening,delivery,8.0,2.0,4,4,0
1461,Decatur,2026-01-06,evening,dine-in,29.0,7.25,4,4,0
1462,Decatur,2026-01-06,evening,take-out,19.0,4.75,4,4,0
1463,Decatur,2026-01-06,morning,delivery,8.0,4.0,3,2,0
1464,Decatur,2026-01-06,morning,dine-in,17.0,8.5,3,2,0
1465,Decatur,2026-01-06,morning,take-out,20.0,10.0,3,2,0
1466,Decatur,2026-01-07,afternoon,delivery,11.0,3.67,6,3,0
1467,Decatur,2026-01-07,afternoon,dine-in,35.0,11.67,6,3,0
1468,Decatur,2026-01-07,afternoon,take-out,26.0,8.67,6,3,0
1469,Decatur,2026-01-07,evening,delivery,5.0,2.5,4,2,0
1470,Decatur,2026-01-07,evening,dine-in,24.0,12.0,4,2,0
1471,Decatur,2026-01-07,evening,take-out,14.0,7.0,4,2,0
1472,Decatur,2026-01-07,morning,delivery,5.0,2.5,3,2,0
1473,Decatur,2026-01-07,morning,dine-in,11.0,5.5,3,2,0
1474,Decatur,2026-01-07,morning,take-out,23.0,11.5,3,2,0
1475,Decatur,2026-01-08,afternoon,delivery,8.0,2.67,6,3,0
1476,Decatur,2026-01-08,afternoon,dine-in,26.0,8.67,6,3,0
1477,Decatur,2026-01-08,afternoon,take-out,22.0,7.33,6,3,0
1478,Decatur,2026-01-08,evening,delivery,17.0,5.67,4,3,0
1479,Decatur,2026-01-08,evening,dine-in,31.0,10.33,4,3,0
1480,Decatur,2026-01-08,evening,take-out,15.0,5.0,4,3,0
1481,Decatur,2026-01-08,morning,delivery,2.0,1.0,3,2,0
1482,Decatur,2026-01-08,morning,dine-in,9.0,4.5,3,2,0
1483,Decatur,2026-01-08,morning,take-out,25.0,12.5,3,2,0
1484,Decatur,2026-01-09,afternoon,delivery,13.0,4.33,6,3,0
1485,Decatur,2026-01-09,afternoon,dine-in,20.0,6.67,6,3,0
1486,Decatur,2026-01-09,afternoon,take-out,18.0,6.0,6,3,0
1487,Decatur,2026-01-09,evening,delivery,13.0,4.33,4,3,0
1488,Decatur,2026-01-09,evening,dine-in,20.0,6.67,4,3,0
1489,Decatur,2026-01-09,evening,take-out,24.0,8.0,4,3,0
1490,Decatur,2026-01-09,morning,delivery,5.0,2.5,3,2,0
1491,Decatur,2026-01-09,morning,dine-in,16.0,8.0,3,2,0
1492,Decatur,2026-01-09,morning,take-out,21.0,10.5,3,2,0
1493,Decatur,2026-01-10,afternoon,delivery,11.0,2.75,7,4,0
1494,Decatur,2026-01-10,afternoon,dine-in,36.0,9.0,7,4,0
1495,Decatur,2026-01-10,afternoon,take-out,35.0,8.75,7,4,0
1496,Decatur,2026-01-10,evening,delivery,17.0,5.67,5,3,0
1497,Decatur,2026-01-10,evening,dine-in,33.0,11.0,5,3,0
1498,Decatur,2026-01-10,evening,take-out,18.0,6.0,5,3,0
1499,Decatur,2026-01-10,morning,delivery,1.0,0.33,3,3,0
1500,Decatur,2026-01-10,morning,dine-in,21.0,7.0,3,3,0
1501,Decatur,2026-01-10,morning,take-out,10.0,3.33,3,3,0
1502,Decatur,2026-01-11,afternoon,delivery,7.0,1.75,7,4,0
1503,Decatur,2026-01-11,afternoon,dine-in,32.0,8.0,7,4,0
1504,Decatur,2026-01-11,afternoon,take-out,26.0,6.5,7,4,0
1505,Decatur,2026-01-11,evening,delivery,12.0,4.0,5,3,0
1506,Decatur,2026-01-11,evening,dine-in,27.0,9.0,5,3,0
1507,Decatur,2026-01-11,evening,take-out,30.0,10.0,5,3,0
1508,Decatur,2026-01-11,morning,delivery,7.0,3.5,3,2,0
1509,Decatur,2026-01-11,morning,dine-in,20.0,10.0,3,2,0
1510,Decatur,2026-01-11,morning,take-out,11.0,5.5,3,2,0
1511,Decatur,2026-01-12,afternoon,delivery,14.0,4.67,6,3,0
1512,Decatur,2026-01-12,afternoon,dine-in,28.0,9.33,6,3,0
1513,Decatur,2026-01-12,afternoon,take-out,16.0,5.33,6,3,0
1514,Decatur,2026-01-12,evening,delivery,12.0,12.0,4,1,0
1515,Decatur,2026-01-12,evening,dine-in,32.0,32.0,4,1,0
1516,Decatur,2026-01-12,evening,take-out,17.0,17.0,4,1,0
1517,Decatur,2026-01-12,morning,delivery,6.0,6.0,3,1,0
1518,Decatur,2026-01-12,morning,dine-in,22.0,22.0,3,1,0
1519,Decatur,2026-01-12,morning,take-out,10.0,10.0,3,1,0
1520,Decatur,2026-01-13,afternoon,delivery,7.0,2.33,6,3,0
1521,Decatur,2026-01-13,afternoon,dine-in,16.0,5.33,6,3,0
1522,Decatur,2026-01-13,afternoon,take-out,34.0,11.33,6,3,0
1523,Decatur,2026-01-13,evening,delivery,6.0,3.0,4,2,0
1524,Decatur,2026-01-13,evening,dine-in,17.0,8.5,4,2,0
1525,Decatur,2026-01-13,evening,take-out,34.0,17.0,4,2,0
1526,Decatur,2026-01-13,morning,delivery,17.0,8.5,3,2,0
1527,Decatur,2026-01-13,morning,dine-in,7.0,3.5,3,2,0
1528,Decatur,2026-01-13,morning,take-out,12.0,6.0,3,2,0
1529,Decatur,2026-01-14,afternoon,delivery,17.0,8.5,6,2,0
1530,Decatur,2026-01-14,afternoon,dine-in,32.0,16.0,6,2,0
1531,Decatur,2026-01-14,afternoon,take-out,10.0,5.0,6,2,0
1532,Decatur,2026-01-14,evening,delivery,11.0,5.5,4,2,0
1533,Decatur,2026-01-14,evening,dine-in,20.0,10.0,4,2,0
1534,Decatur,2026-01-14,evening,take-out,18.0,9.0,4,2,0
1535,Decatur,2026-01-14,morning,delivery,1.0,0.5,3,2,0
1536,Decatur,2026-01-14,morning,dine-in,10.0,5.0,3,2,0
1537,Decatur,2026-01-14,morning,take-out,13.0,6.5,3,2,0
1538,Decatur,2026-01-15,afternoon,delivery,21.0,7.0,6,3,0
1539,Decatur,2026-01-15,afternoon,dine-in,35.0,11.67,6,3,0
1540,Decatur,2026-01-15,afternoon,take-out,31.0,10.33,6,3,0
1541,Decatur,2026-01-15,evening,delivery,2.0,1.0,4,2,0
1542,Decatur,2026-01-15,evening,dine-in,24.0,12.0,4,2,0
1543,Decatur,2026-01-15,evening,take-out,22.0,11.0,4,2,0
1544,Decatur,2026-01-15,morning,delivery,13.0,4.33,3,3,0
1545,Decatur,2026-01-15,morning,dine-in,16.0,5.33,3,3,0
1546,Decatur,2026-01-15,morning,take-out,10.0,3.33,3,3,0
1547,Decatur,2026-01-16,afternoon,delivery,20.0,6.67,6,3,0
1548,Decatur,2026-01-16,afternoon,dine-in,28.0,9.33,6,3,0
1549,Decatur,2026-01-16,afternoon,take-out,28.0,9.33,6,3,0
1550,Decatur,2026-01-16,evening,dine-in,22.0,7.33,4,3,0
1551,Decatur,2026-01-16,evening,take-out,16.0,5.33,4,3,0
1552,Decatur,2026-01-16,morning,delivery,3.0,1.5,3,2,0
1553,Decatur,2026-01-16,morning,dine-in,21.0,10.5,3,2,0
1554,Decatur,2026-01-16,morning,take-out,7.0,3.5,3,2,0
1555,Decatur,2026-01-17,afternoon,delivery,27.0,5.4,7,5,0
1556,Decatur,2026-01-17,afternoon,dine-in,27.0,5.4,7,5,0
1557,Decatur,2026-01-17,afternoon,take-out,29.0,5.8,7,5,0
1558,Decatur,2026-01-17,evening,delivery,10.0,2.5,5,4,0
1559,Decatur,2026-01-17,evening,dine-in,22.0,5.5,5,4,0
1560,Decatur,2026-01-17,evening,take-out,13.0,3.25,5,4,0
1561,Decatur,2026-01-17,morning,delivery,9.0,4.5,3,2,0
1562,Decatur,2026-01-17,morning,dine-in,28.0,14.0,3,2,0
1563,Decatur,2026-01-17,morning,take-out,27.0,13.5,3,2,0
1564,Decatur,2026-01-18,afternoon,delivery,14.0,4.67,7,3,0
1565,Decatur,2026-01-18,afternoon,dine-in,61.0,20.33,7,3,0
1566,Decatur,2026-01-18,afternoon,take-out,25.0,8.33,7,3,0
1567,Decatur,2026-01-18,evening,delivery,10.0,10.0,5,1,0
1568,Decatur,2026-01-18,evening,dine-in,20.0,20.0,5,1,0
1569,Decatur,2026-01-18,evening,take-out,22.0,22.0,5,1,0
1570,Decatur,2026-01-18,morning,delivery,7.0,3.5,3,2,0
1571,Decatur,2026-01-18,morning,dine-in,15.0,7.5,3,2,0
1572,Decatur,2026-01-18,morning,take-out,21.0,10.5,3,2,0
1573,Decatur,2026-01-19,afternoon,delivery,4.0,1.0,6,4,0
1574,Decatur,2026-01-19,afternoon,dine-in,25.0,6.25,6,4,0
1575,Decatur,2026-01-19,afternoon,take-out,12.0,3.0,6,4,0
1576,Decatur,2026-01-19,evening,delivery,15.0,7.5,4,2,0
1577,Decatur,2026-01-19,evening,dine-in,29.0,14.5,4,2,0
1578,Decatur,2026-01-19,evening,take-out,22.0,11.0,4,2,0
1579,Decatur,2026-01-19,morning,delivery,6.0,3.0,3,2,0
1580,Decatur,2026-01-19,morning,dine-in,8.0,4.0,3,2,0
1581,Decatur,2026-01-19,morning,take-out,16.0,8.0,3,2,0
1582,Decatur,2026-01-20,afternoon,delivery,7.0,2.33,6,3,0
1583,Decatur,2026-01-20,afternoon,dine-in,22.0,7.33,6,3,0
1584,Decatur,2026-01-20,afternoon,take-out,29.0,9.67,6,3,0
1585,Decatur,2026-01-20,evening,delivery,11.0,5.5,4,2,0
1586,Decatur,2026-01-20,evening,dine-in,27.0,13.5,4,2,0
1587,Decatur,2026-01-20,evening,take-out,23.0,11.5,4,2,0
1588,Decatur,2026-01-20,morning,dine-in,7.0,3.5,3,2,0
1589,Decatur,2026-01-20,morning,take-out,30.0,15.0,3,2,0
1590,Decatur,2026-01-21,afternoon,delivery,9.0,4.5,6,2,0
1591,Decatur,2026-01-21,afternoon,dine-in,32.0,16.0,6,2,0
1592,Decatur,2026-01-21,afternoon,take-out,26.0,13.0,6,2,0
1593,Decatur,2026-01-21,evening,delivery,19.0,6.33,4,3,0
1594,Decatur,2026-01-21,evening,dine-in,5.0,1.67,4,3,0
1595,Decatur,2026-01-21,evening,take-out,24.0,8.0,4,3,0
1596,Decatur,2026-01-21,morning,delivery,9.0,9.0,3,1,0
1597,Decatur,2026-01-21,morning,dine-in,12.0,12.0,3,1,0
1598,Decatur,2026-01-21,morning,take-out,15.0,15.0,3,1,0
1599,Decatur,2026-01-22,afternoon,delivery,16.0,5.33,6,3,0
1600,Decatur,2026-01-22,afternoon,dine-in,31.0,10.33,6,3,0
1601,Decatur,2026-01-22,afternoon,take-out,29.0,9.67,6,3,0
1602,Decatur,2026-01-22,morning,delivery,3.0,1.5,3,2,0
1603,Decatur,2026-01-22,morning,dine-in,11.0,5.5,3,2,0
1604,Decatur,2026-01-22,morning,take-out,19.0,9.5,3,2,0
1605,Decatur,2026-01-23,afternoon,delivery,8.0,4.0,6,2,0
1606,Decatur,2026-01-23,afternoon,dine-in,37.0,18.5,6,2,0
1607,Decatur,2026-01-23,afternoon,take-out,7.0,3.5,6,2,0
1608,Decatur,2026-01-23,evening,delivery,8.0,2.67,4,3,0
1609,Decatur,2026-01-23,evening,dine-in,15.0,5.0,4,3,0
1610,Decatur,2026-01-23,evening,take-out,22.0,7.33,4,3,0
1611,Decatur,2026-01-23,morning,delivery,10.0,3.33,3,3,0
1612,Decatur,2026-01-23,morning,dine-in,14.0,4.67,3,3,0
1613,Decatur,2026-01-23,morning,take-out,13.0,4.33,3,3,0
1614,Decatur,2026-01-24,afternoon,delivery,7.0,1.4,7,5,0
1615,Decatur,2026-01-24,afternoon,dine-in,19.0,3.8,7,5,0
1616,Decatur,2026-01-24,afternoon,take-out,36.0,7.2,7,5,0
1617,Decatur,2026-01-24,evening,delivery,13.0,3.25,5,4,0
1618,Decatur,2026-01-24,evening,dine-in,23.0,5.75,5,4,0
1619,Decatur,2026-01-24,evening,take-out,20.0,5.0,5,4,0
1620,Decatur,2026-01-25,afternoon,delivery,15.0,7.5,7,2,0
1621,Decatur,2026-01-25,afternoon,dine-in,24.0,12.0,7,2,0
1622,Decatur,2026-01-25,afternoon,take-out,29.0,14.5,7,2,0
1623,Decatur,2026-01-25,evening,delivery,16.0,5.33,5,3,0
1624,Decatur,2026-01-25,evening,dine-in,29.0,9.67,5,3,0
1625,Decatur,2026-01-25,evening,take-out,16.0,5.33,5,3,0
1626,Decatur,2026-01-26,afternoon,delivery,14.0,7.0,6,2,0
1627,Decatur,2026-01-26,afternoon,dine-in,30.0,15.0,6,2,0
1628,Decatur,2026-01-26,afternoon,take-out,22.0,11.0,6,2,0
1629,Decatur,2026-01-26,evening,delivery,8.0,4.0,4,2,0
1630,Decatur,2026-01-26,evening,dine-in,22.0,11.0,4,2,0
1631,Decatur,2026-01-26,evening,take-out,15.0,7.5,4,2,0
1632,Decatur,2026-01-26,morning,delivery,7.0,3.5,3,2,0
1633,Decatur,2026-01-26,morning,dine-in,21.0,10.5,3,2,0
1634,Decatur,2026-01-26,morning,take-out,15.0,7.5,3,2,0
1635,Decatur,2026-01-27,afternoon,delivery,7.0,3.5,6,2,0
1636,Decatur,2026-01-27,afternoon,dine-in,31.0,15.5,6,2,0
1637,Decatur,2026-01-27,afternoon,take-out,17.0,8.5,6,2,0
1638,Decatur,2026-01-27,evening,delivery,10.0,3.33,4,3,0
1639,Decatur,2026-01-27,evening,dine-in,26.0,8.67,4,3,0
1640,Decatur,2026-01-27,evening,take-out,18.0,6.0,4,3,0
1641,Decatur,2026-01-27,morning,delivery,3.0,1.0,3,3,0
1642,Decatur,2026-01-27,morning,dine-in,20.0,6.67,3,3,0
1643,Decatur,2026-01-27,morning,take-out,12.0,4.0,3,3,0
1644,Decatur,2026-01-28,afternoon,delivery,20.0,20.0,6,1,0
1645,Decatur,2026-01-28,afternoon,dine-in,25.0,25.0,6,1,0
1646,Decatur,2026-01-28,afternoon,take-out,33.0,33.0,6,1,0
1647,Decatur,2026-01-28,evening,delivery,16.0,5.33,4,3,0
1648,Decatur,2026-01-28,evening,dine-in,26.0,8.67,4,3,0
1649,Decatur,2026-01-28,evening,take-out,20.0,6.67,4,3,0
1650,Decatur,2026-01-28,morning,delivery,3.0,1.5,3,2,0
1651,Decatur,2026-01-28,morning,dine-in,21.0,10.5,3,2,0
1652,Decatur,2026-01-28,morning,take-out,13.0,6.5,3,2,0
1653,Decatur,2026-01-29,afternoon,delivery,15.0,5.0,6,3,0
1654,Decatur,2026-01-29,afternoon,dine-in,15.0,5.0,6,3,0
1655,Decatur,2026-01-29,afternoon,take-out,40.0,13.33,6,3,0
1656,Decatur,2026-01-29,evening,delivery,7.0,7.0,4,1,0
1657,Decatur,2026-01-29,evening,dine-in,30.0,30.0,4,1,0
1658,Decatur,2026-01-29,evening,take-out,23.0,23.0,4,1,0
1659,Decatur,2026-01-29,morning,delivery,6.0,6.0,3,1,0
1660,Decatur,2026-01-29,morning,dine-in,15.0,15.0,3,1,0
1661,Decatur,2026-01-29,morning,take-out,13.0,13.0,3,1,0
1662,Decatur,2026-01-30,afternoon,delivery,17.0,5.67,6,3,0
1663,Decatur,2026-01-30,afternoon,dine-in,25.0,8.33,6,3,0
1664,Decatur,2026-01-30,afternoon,take-out,26.0,8.67,6,3,0
1665,Decatur,2026-01-30,evening,delivery,15.0,3.75,4,4,0
1666,Decatur,2026-01-30,evening,dine-in,29.0,7.25,4,4,0
1667,Decatur,2026-01-30,evening,take-out,10.0,2.5,4,4,0
1668,Decatur,2026-01-30,morning,delivery,8.0,4.0,3,2,0
1669,Decatur,2026-01-30,morning,dine-in,17.0,8.5,3,2,0
1670,Decatur,2026-01-30,morning,take-out,5.0,2.5,3,2,0
1671,Decatur,2026-01-31,afternoon,delivery,14.0,2.8,7,5,0
1672,Decatur,2026-01-31,afternoon,dine-in,34.0,6.8,7,5,0
1673,Decatur,2026-01-31,afternoon,take-out,39.0,7.8,7,5,0
1674,Decatur,2026-01-31,evening,delivery,18.0,6.0,5,3,0
1675,Decatur,2026-01-31,evening,dine-in,29.0,9.67,5,3,0
1676,Decatur,2026-01-31,evening,take-out,14.0,4.67,5,3,0
1677,Decatur,2026-01-31,morning,delivery,8.0,2.67,3,3,0
1678,Decatur,2026-01-31,morning,dine-in,22.0,7.33,3,3,0
1679,Decatur,2026-01-31,morning,take-out,16.0,5.33,3,3,0
1680,Decatur,2026-02-01,afternoon,delivery,6.0,1.5,7,4,0
1681,Decatur,2026-02-01,afternoon,dine-in,29.0,7.25,7,4,0
1682,Decatur,2026-02-01,afternoon,take-out,30.0,7.5,7,4,0
1683,Decatur,2026-02-01,evening,delivery,18.0,6.0,5,3,0
1684,Decatur,2026-02-01,evening,dine-in,28.0,9.33,5,3,0
1685,Decatur,2026-02-01,evening,take-out,17.0,5.67,5,3,0
1686,Decatur,2026-02-01,morning,delivery,8.0,4.0,3,2,0
1687,Decatur,2026-02-01,morning,dine-in,21.0,10.5,3,2,0
1688,Decatur,2026-02-01,morning,take-out,22.0,11.0,3,2,0
1689,Decatur,2026-02-02,afternoon,delivery,13.0,4.33,6,3,0
1690,Decatur,2026-02-02,afternoon,dine-in,16.0,5.33,6,3,0
1691,Decatur,2026-02-02,afternoon,take-out,32.0,10.67,6,3,0
1692,Decatur,2026-02-02,evening,delivery,3.0,1.5,4,2,0
1693,Decatur,2026-02-02,evening,dine-in,34.0,17.0,4,2,0
1694,Decatur,2026-02-02,evening,take-out,13.0,6.5,4,2,0
1695,Decatur,2026-02-02,morning,delivery,8.0,8.0,3,1,0
1696,Decatur,2026-02-02,morning,dine-in,4.0,4.0,3,1,0
1697,Decatur,2026-02-02,morning,take-out,21.0,21.0,3,1,0
1698,Decatur,2026-02-03,afternoon,delivery,12.0,4.0,6,3,0
1699,Decatur,2026-02-03,afternoon,dine-in,31.0,10.33,6,3,0
1700,Decatur,2026-02-03,afternoon,take-out,22.0,7.33,6,3,0
1701,Decatur,2026-02-03,evening,delivery,9.0,3.0,4,3,0
1702,Decatur,2026-02-03,evening,dine-in,17.0,5.67,4,3,0
1703,Decatur,2026-02-03,evening,take-out,27.0,9.0,4,3,0
1704,Decatur,2026-02-03,morning,dine-in,17.0,17.0,3,1,0
1705,Decatur,2026-02-03,morning,take-out,29.0,29.0,3,1,0
1706,Decatur,2026-02-04,afternoon,delivery,8.0,2.67,6,3,0
1707,Decatur,2026-02-04,afternoon,dine-in,20.0,6.67,6,3,0
1708,Decatur,2026-02-04,afternoon,take-out,46.0,15.33,6,3,0
1709,Decatur,2026-02-04,evening,delivery,13.0,13.0,4,1,0
1710,Decatur,2026-02-04,evening,dine-in,25.0,25.0,4,1,0
1711,Decatur,2026-02-04,evening,take-out,16.0,16.0,4,1,0
1712,Decatur,2026-02-04,morning,delivery,7.0,7.0,3,1,0
1713,Decatur,2026-02-04,morning,dine-in,15.0,15.0,3,1,0
1714,Decatur,2026-02-04,morning,take-out,13.0,13.0,3,1,0
1715,Decatur,2026-02-05,afternoon,delivery,14.0,3.5,6,4,0
1716,Decatur,2026-02-05,afternoon,dine-in,16.0,4.0,6,4,0
1717,Decatur,2026-02-05,afternoon,take-out,33.0,8.25,6,4,0
1718,Decatur,2026-02-05,evening,delivery,5.0,5.0,4,1,0
1719,Decatur,2026-02-05,evening,dine-in,20.0,20.0,4,1,0
1720,Decatur,2026-02-05,evening,take-out,19.0,19.0,4,1,0
1721,Decatur,2026-02-05,morning,delivery,8.0,4.0,3,2,0
1722,Decatur,2026-02-05,morning,dine-in,20.0,10.0,3,2,0
1723,Decatur,2026-02-05,morning,take-out,8.0,4.0,3,2,0
1724,Decatur,2026-02-06,afternoon,delivery,11.0,3.67,6,3,0
1725,Decatur,2026-02-06,afternoon,dine-in,21.0,7.0,6,3,0
1726,Decatur,2026-02-06,afternoon,take-out,37.0,12.33,6,3,0
1727,Decatur,2026-02-06,evening,delivery,14.0,7.0,4,2,0
1728,Decatur,2026-02-06,evening,dine-in,20.0,10.0,4,2,0
1729,Decatur,2026-02-06,evening,take-out,14.0,7.0,4,2,0
1730,Decatur,2026-02-06,morning,delivery,6.0,6.0,3,1,0
1731,Decatur,2026-02-06,morning,dine-in,10.0,10.0,3,1,0
1732,Decatur,2026-02-06,morning,take-out,19.0,19.0,3,1,0
1733,Decatur,2026-02-07,afternoon,delivery,5.0,1.25,7,4,0
1734,Decatur,2026-02-07,afternoon,dine-in,42.0,10.5,7,4,0
1735,Decatur,2026-02-07,afternoon,take-out,48.0,12.0,7,4,0
1736,Decatur,2026-02-07,evening,delivery,20.0,6.67,5,3,0
1737,Decatur,2026-02-07,evening,dine-in,16.0,5.33,5,3,0
1738,Decatur,2026-02-07,evening,take-out,16.0,5.33,5,3,0
1739,Decatur,2026-02-07,morning,delivery,2.0,1.0,3,2,0
1740,Decatur,2026-02-07,morning,dine-in,27.0,13.5,3,2,0
1741,Decatur,2026-02-07,morning,take-out,7.0,3.5,3,2,0
1742,Decatur,2026-02-08,afternoon,delivery,23.0,7.67,7,3,0
1743,Decatur,2026-02-08,afternoon,dine-in,35.0,11.67,7,3,0
1744,Decatur,2026-02-08,afternoon,take-out,32.0,10.67,7,3,0
1745,Decatur,2026-02-08,evening,delivery,23.0,5.75,5,4,0
1746,Decatur,2026-02-08,evening,dine-in,17.0,4.25,5,4,0
1747,Decatur,2026-02-08,evening,take-out,15.0,3.75,5,4,0
1748,Decatur,2026-02-08,morning,delivery,4.0,4.0,3,1,0
1749,Decatur,2026-02-08,morning,dine-in,27.0,27.0,3,1,0
1750,Decatur,2026-02-08,morning,take-out,11.0,11.0,3,1,0
1751,Decatur,2026-02-09,afternoon,delivery,10.0,2.5,6,4,0
1752,Decatur,2026-02-09,afternoon,dine-in,43.0,10.75,6,4,0
1753,Decatur,2026-02-09,afternoon,take-out,15.0,3.75,6,4,0
1754,Decatur,2026-02-09,evening,delivery,4.0,4.0,4,1,0
1755,Decatur,2026-02-09,evening,dine-in,19.0,19.0,4,1,0
1756,Decatur,2026-02-09,evening,take-out,21.0,21.0,4,1,0
1757,Decatur,2026-02-09,morning,delivery,18.0,9.0,3,2,0
1758,Decatur,2026-02-09,morning,dine-in,9.0,4.5,3,2,0
1759,Decatur,2026-02-09,morning,take-out,10.0,5.0,3,2,0
1760,Decatur,2026-02-10,afternoon,delivery,2.0,0.67,6,3,0
1761,Decatur,2026-02-10,afternoon,dine-in,32.0,10.67,6,3,0
1762,Decatur,2026-02-10,afternoon,take-out,30.0,10.0,6,3,0
1763,Decatur,2026-02-10,evening,delivery,10.0,3.33,4,3,0
1764,Decatur,2026-02-10,evening,dine-in,13.0,4.33,4,3,0
1765,Decatur,2026-02-10,evening,take-out,16.0,5.33,4,3,0
1766,Decatur,2026-02-10,morning,delivery,8.0,4.0,3,2,0
1767,Decatur,2026-02-10,morning,dine-in,14.0,7.0,3,2,0
1768,Decatur,2026-02-10,morning,take-out,6.0,3.0,3,2,0
1769,Decatur,2026-02-11,afternoon,delivery,3.0,0.6,6,5,0
1770,Decatur,2026-02-11,afternoon,dine-in,20.0,4.0,6,5,0
1771,Decatur,2026-02-11,afternoon,take-out,22.0,4.4,6,5,0
1772,Decatur,2026-02-11,evening,delivery,15.0,5.0,4,3,0
1773,Decatur,2026-02-11,evening,dine-in,33.0,11.0,4,3,0
1774,Decatur,2026-02-11,evening,take-out,20.0,6.67,4,3,0
1775,Decatur,2026-02-11,morning,delivery,8.0,8.0,3,1,0
1776,Decatur,2026-02-11,morning,dine-in,4.0,4.0,3,1,0
1777,Decatur,2026-02-11,morning,take-out,28.0,28.0,3,1,0
1778,Decatur,2026-02-12,afternoon,delivery,22.0,7.33,6,3,0
1779,Decatur,2026-02-12,afternoon,dine-in,25.0,8.33,6,3,0
1780,Decatur,2026-02-12,afternoon,take-out,25.0,8.33,6,3,0
1781,Decatur,2026-02-12,evening,delivery,24.0,12.0,4,2,0
1782,Decatur,2026-02-12,evening,dine-in,10.0,5.0,4,2,0
1783,Decatur,2026-02-12,evening,take-out,17.0,8.5,4,2,0
1784,Decatur,2026-02-12,morning,delivery,6.0,3.0,3,2,0
1785,Decatur,2026-02-12,morning,dine-in,17.0,8.5,3,2,0
1786,Decatur,2026-02-12,morning,take-out,14.0,7.0,3,2,0
1787,Decatur,2026-02-13,afternoon,delivery,21.0,5.25,6,4,0
1788,Decatur,2026-02-13,afternoon,dine-in,25.0,6.25,6,4,0
1789,Decatur,2026-02-13,afternoon,take-out,37.0,9.25,6,4,0
1790,Decatur,2026-02-13,morning,delivery,10.0,3.33,3,3,0
1791,Decatur,2026-02-13,morning,dine-in,20.0,6.67,3,3,0
1792,Decatur,2026-02-13,morning,take-out,9.0,3.0,3,3,0
1793,Decatur,2026-02-14,afternoon,delivery,14.0,3.5,7,4,0
1794,Decatur,2026-02-14,afternoon,dine-in,24.0,6.0,7,4,0
1795,Decatur,2026-02-14,afternoon,take-out,23.0,5.75,7,4,0
1796,Decatur,2026-02-14,evening,delivery,13.0,6.5,5,2,0
1797,Decatur,2026-02-14,evening,dine-in,21.0,10.5,5,2,0
1798,Decatur,2026-02-14,evening,take-out,35.0,17.5,5,2,0
1799,Decatur,2026-02-14,morning,delivery,13.0,4.33,3,3,0
1800,Decatur,2026-02-14,morning,dine-in,16.0,5.33,3,3,0
1801,Decatur,2026-02-14,morning,take-out,10.0,3.33,3,3,0
1802,Decatur,2026-02-15,afternoon,delivery,10.0,3.33,7,3,0
1803,Decatur,2026-02-15,afternoon,dine-in,18.0,6.0,7,3,0
1804,Decatur,2026-02-15,afternoon,take-out,43.0,14.33,7,3,0
1805,Decatur,2026-02-15,evening,delivery,9.0,9.0,5,1,0
1806,Decatur,2026-02-15,evening,dine-in,25.0,25.0,5,1,0
1807,Decatur,2026-02-15,evening,take-out,22.0,22.0,5,1,0
1808,Decatur,2026-02-15,morning,delivery,6.0,3.0,3,2,0
1809,Decatur,2026-02-15,morning,dine-in,18.0,9.0,3,2,0
1810,Decatur,2026-02-15,morning,take-out,17.0,8.5,3,2,0
1811,Decatur,2026-02-16,afternoon,delivery,18.0,6.0,6,3,0
1812,Decatur,2026-02-16,afternoon,dine-in,29.0,9.67,6,3,0
1813,Decatur,2026-02-16,afternoon,take-out,14.0,4.67,6,3,0
1814,Decatur,2026-02-16,evening,delivery,1.0,0.33,4,3,0
1815,Decatur,2026-02-16,evening,dine-in,38.0,12.67,4,3,0
1816,Decatur,2026-02-16,evening,take-out,27.0,9.0,4,3,0
1817,Decatur,2026-02-16,morning,delivery,14.0,7.0,3,2,0
1818,Decatur,2026-02-16,morning,dine-in,18.0,9.0,3,2,0
1819,Decatur,2026-02-16,morning,take-out,13.0,6.5,3,2,0
1820,Decatur,2026-02-17,afternoon,delivery,23.0,11.5,6,2,0
1821,Decatur,2026-02-17,afternoon,dine-in,42.0,21.0,6,2,0
1822,Decatur,2026-02-17,afternoon,take-out,17.0,8.5,6,2,0
1823,Decatur,2026-02-17,evening,delivery,19.0,6.33,4,3,0
1824,Decatur,2026-02-17,evening,dine-in,22.0,7.33,4,3,0
1825,Decatur,2026-02-17,evening,take-out,15.0,5.0,4,3,0
1826,Decatur,2026-02-17,morning,delivery,2.0,1.0,3,2,0
1827,Decatur,2026-02-17,morning,dine-in,21.0,10.5,3,2,0
1828,Decatur,2026-02-17,morning,take-out,5.0,2.5,3,2,0
1829,Decatur,2026-02-18,afternoon,delivery,15.0,7.5,6,2,0
1830,Decatur,2026-02-18,afternoon,dine-in,27.0,13.5,6,2,0
1831,Decatur,2026-02-18,afternoon,take-out,22.0,11.0,6,2,0
1832,Decatur,2026-02-18,evening,delivery,8.0,4.0,4,2,0
1833,Decatur,2026-02-18,evening,dine-in,33.0,16.5,4,2,0
1834,Decatur,2026-02-18,evening,take-out,18.0,9.0,4,2,0
1835,Decatur,2026-02-18,morning,delivery,11.0,11.0,3,1,0
1836,Decatur,2026-02-18,morning,dine-in,22.0,22.0,3,1,0
1837,Decatur,2026-02-18,morning,take-out,14.0,14.0,3,1,0
1838,Decatur,2026-02-19,afternoon,delivery,13.0,4.33,6,3,0
1839,Decatur,2026-02-19,afternoon,dine-in,23.0,7.67,6,3,0
1840,Decatur,2026-02-19,afternoon,take-out,29.0,9.67,6,3,0
1841,Decatur,2026-02-19,evening,delivery,4.0,2.0,4,2,0
1842,Decatur,2026-02-19,evening,dine-in,17.0,8.5,4,2,0
1843,Decatur,2026-02-19,evening,take-out,23.0,11.5,4,2,0
1844,Decatur,2026-02-19,morning,delivery,7.0,7.0,3,1,0
1845,Decatur,2026-02-19,morning,dine-in,17.0,17.0,3,1,0
1846,Decatur,2026-02-19,morning,take-out,14.0,14.0,3,1,0
1847,Decatur,2026-02-20,afternoon,delivery,16.0,3.2,6,5,0
1848,Decatur,2026-02-20,afternoon,dine-in,18.0,3.6,6,5,0
1849,Decatur,2026-02-20,afternoon,take-out,32.0,6.4,6,5,0
1850,Decatur,2026-02-20,evening,delivery,3.0,1.5,4,2,0
1851,Decatur,2026-02-20,evening,dine-in,29.0,14.5,4,2,0
1852,Decatur,2026-02-20,evening,take-out,20.0,10.0,4,2,0
1853,Decatur,2026-02-20,morning,delivery,14.0,14.0,3,1,0
1854,Decatur,2026-02-20,morning,dine-in,17.0,17.0,3,1,0
1855,Decatur,2026-02-20,morning,take-out,7.0,7.0,3,1,0
1856,Decatur,2026-02-21,afternoon,delivery,3.0,0.75,7,4,0
1857,Decatur,2026-02-21,afternoon,dine-in,47.0,11.75,7,4,0
1858,Decatur,2026-02-21,afternoon,take-out,36.0,9.0,7,4,0
1859,Decatur,2026-02-21,evening,delivery,6.0,2.0,5,3,0
1860,Decatur,2026-02-21,evening,dine-in,21.0,7.0,5,3,0
1861,Decatur,2026-02-21,evening,take-out,35.0,11.67,5,3,0
1862,Decatur,2026-02-21,morning,delivery,8.0,4.0,3,2,0
1863,Decatur,2026-02-21,morning,dine-in,17.0,8.5,3,2,0
1864,Decatur,2026-02-21,morning,take-out,12.0,6.0,3,2,0
1865,Decatur,2026-02-22,afternoon,delivery,19.0,4.75,7,4,0
1866,Decatur,2026-02-22,afternoon,dine-in,38.0,9.5,7,4,0
1867,Decatur,2026-02-22,afternoon,take-out,26.0,6.5,7,4,0
1868,Decatur,2026-02-22,evening,delivery,5.0,1.67,5,3,0
1869,Decatur,2026-02-22,evening,dine-in,19.0,6.33,5,3,0
1870,Decatur,2026-02-22,evening,take-out,32.0,10.67,5,3,0
1871,Decatur,2026-02-22,morning,delivery,6.0,3.0,3,2,0
1872,Decatur,2026-02-22,morning,dine-in,25.0,12.5,3,2,0
1873,Decatur,2026-02-22,morning,take-out,14.0,7.0,3,2,0
1874,Decatur,2026-02-23,afternoon,delivery,16.0,5.33,6,3,0
1875,Decatur,2026-02-23,afternoon,dine-in,33.0,11.0,6,3,0
1876,Decatur,2026-02-23,afternoon,take-out,17.0,5.67,6,3,0
1877,Decatur,2026-02-23,evening,delivery,3.0,3.0,4,1,0
1878,Decatur,2026-02-23,evening,dine-in,36.0,36.0,4,1,0
1879,Decatur,2026-02-23,evening,take-out,12.0,12.0,4,1,0
1880,Decatur,2026-02-23,morning,delivery,3.0,1.0,3,3,0
1881,Decatur,2026-02-23,morning,dine-in,20.0,6.67,3,3,0
1882,Decatur,2026-02-23,morning,take-out,10.0,3.33,3,3,0
1883,Decatur,2026-02-24,afternoon,delivery,15.0,3.0,6,5,0
1884,Decatur,2026-02-24,afternoon,dine-in,26.0,5.2,6,5,0
1885,Decatur,2026-02-24,afternoon,take-out,6.0,1.2,6,5,0
1886,Decatur,2026-02-24,evening,delivery,4.0,4.0,4,1,0
1887,Decatur,2026-02-24,evening,dine-in,29.0,29.0,4,1,0
1888,Decatur,2026-02-24,evening,take-out,26.0,26.0,4,1,0
1889,Decatur,2026-02-25,afternoon,delivery,14.0,4.67,6,3,0
1890,Decatur,2026-02-25,afternoon,dine-in,20.0,6.67,6,3,0
1891,Decatur,2026-02-25,afternoon,take-out,34.0,11.33,6,3,0
1892,Decatur,2026-02-25,morning,delivery,9.0,9.0,3,1,0
1893,Decatur,2026-02-25,morning,dine-in,16.0,16.0,3,1,0
1894,Decatur,2026-02-25,morning,take-out,15.0,15.0,3,1,0
1895,Decatur,2026-02-26,afternoon,delivery,7.0,3.5,6,2,0
1896,Decatur,2026-02-26,afternoon,dine-in,18.0,9.0,6,2,0
1897,Decatur,2026-02-26,afternoon,take-out,39.0,19.5,6,2,0
1898,Decatur,2026-02-26,evening,delivery,11.0,5.5,4,2,0
1899,Decatur,2026-02-26,evening,dine-in,21.0,10.5,4,2,0
1900,Decatur,2026-02-26,evening,take-out,21.0,10.5,4,2,0
1901,Decatur,2026-02-26,morning,delivery,6.0,3.0,3,2,0
1902,Decatur,2026-02-26,morning,dine-in,21.0,10.5,3,2,0
1903,Decatur,2026-02-26,morning,take-out,12.0,6.0,3,2,0
1904,Decatur,2026-02-27,afternoon,delivery,13.0,2.6,6,5,0
1905,Decatur,2026-02-27,afternoon,dine-in,21.0,4.2,6,5,0
1906,Decatur,2026-02-27,afternoon,take-out,23.0,4.6,6,5,0
1907,Decatur,2026-02-27,evening,delivery,11.0,5.5,4,2,0
1908,Decatur,2026-02-27,evening,dine-in,13.0,6.5,4,2,0
1909,Decatur,2026-02-27,evening,take-out,23.0,11.5,4,2,0
1910,Decatur,2026-02-27,morning,delivery,4.0,2.0,3,2,0
1911,Decatur,2026-02-27,morning,dine-in,23.0,11.5,3,2,0
1912,Decatur,2026-02-27,morning,take-out,15.0,7.5,3,2,0
1913,Decatur,2026-02-28,afternoon,delivery,19.0,4.75,7,4,0
1914,Decatur,2026-02-28,afternoon,dine-in,47.0,11.75,7,4,0
1915,Decatur,2026-02-28,afternoon,take-out,12.0,3.0,7,4,0
1916,Decatur,2026-02-28,evening,delivery,8.0,4.0,5,2,0
1917,Decatur,2026-02-28,evening,dine-in,31.0,15.5,5,2,0
1918,Decatur,2026-02-28,evening,take-out,23.0,11.5,5,2,0
1919,Decatur,2026-03-01,afternoon,delivery,18.0,6.0,7,3,0
1920,Decatur,2026-03-01,afternoon,dine-in,30.0,10.0,7,3,0
1921,Decatur,2026-03-01,afternoon,take-out,29.0,9.67,7,3,0
1922,Decatur,2026-03-01,evening,delivery,17.0,5.67,5,3,0
1923,Decatur,2026-03-01,evening,dine-in,31.0,10.33,5,3,0
1924,Decatur,2026-03-01,evening,take-out,7.0,2.33,5,3,0
1925,Decatur,2026-03-01,morning,delivery,14.0,7.0,3,2,0
1926,Decatur,2026-03-01,morning,dine-in,13.0,6.5,3,2,0
1927,Decatur,2026-03-01,morning,take-out,15.0,7.5,3,2,0
1928,Decatur,2026-03-02,afternoon,delivery,12.0,3.0,6,4,0
1929,Decatur,2026-03-02,afternoon,dine-in,28.0,7.0,6,4,0
1930,Decatur,2026-03-02,afternoon,take-out,31.0,7.75,6,4,0
1931,Decatur,2026-03-02,evening,delivery,6.0,2.0,4,3,0
1932,Decatur,2026-03-02,evening,dine-in,28.0,9.33,4,3,0
1933,Decatur,2026-03-02,evening,take-out,20.0,6.67,4,3,0
1934,Decatur,2026-03-02,morning,delivery,4.0,2.0,3,2,0
1935,Decatur,2026-03-02,morning,dine-in,7.0,3.5,3,2,0
1936,Decatur,2026-03-02,morning,take-out,19.0,9.5,3,2,0
1937,Decatur,2026-03-03,afternoon,delivery,20.0,5.0,6,4,0
1938,Decatur,2026-03-03,afternoon,dine-in,15.0,3.75,6,4,0
1939,Decatur,2026-03-03,afternoon,take-out,40.0,10.0,6,4,0
1940,Decatur,2026-03-03,evening,delivery,17.0,8.5,4,2,0
1941,Decatur,2026-03-03,evening,dine-in,28.0,14.0,4,2,0
1942,Decatur,2026-03-03,evening,take-out,13.0,6.5,4,2,0
1943,Decatur,2026-03-03,morning,delivery,15.0,7.5,3,2,0
1944,Decatur,2026-03-03,morning,dine-in,15.0,7.5,3,2,0
1945,Decatur,2026-03-03,morning,take-out,16.0,8.0,3,2,0
1946,Decatur,2026-03-04,afternoon,delivery,4.0,2.0,6,2,0
1947,Decatur,2026-03-04,afternoon,dine-in,32.0,16.0,6,2,0
1948,Decatur,2026-03-04,afternoon,take-out,36.0,18.0,6,2,0
1949,Decatur,2026-03-04,evening,delivery,7.0,2.33,4,3,0
1950,Decatur,2026-03-04,evening,dine-in,15.0,5.0,4,3,0
1951,Decatur,2026-03-04,evening,take-out,28.0,9.33,4,3,0
1952,Decatur,2026-03-04,morning,delivery,10.0,10.0,3,1,0
1953,Decatur,2026-03-04,morning,dine-in,21.0,21.0,3,1,0
1954,Decatur,2026-03-04,morning,take-out,6.0,6.0,3,1,0
1955,Decatur,2026-03-05,afternoon,delivery,5.0,1.25,6,4,0
1956,Decatur,2026-03-05,afternoon,dine-in,17.0,4.25,6,4,0
1957,Decatur,2026-03-05,afternoon,take-out,30.0,7.5,6,4,0
1958,Decatur,2026-03-05,evening,delivery,10.0,10.0,4,1,0
1959,Decatur,2026-03-05,evening,dine-in,15.0,15.0,4,1,0
1960,Decatur,2026-03-05,evening,take-out,14.0,14.0,4,1,0
1961,Decatur,2026-03-05,morning,dine-in,12.0,6.0,3,2,0
1962,Decatur,2026-03-05,morning,take-out,24.0,12.0,3,2,0
1963,Decatur,2026-03-06,afternoon,delivery,12.0,6.0,6,2,0
1964,Decatur,2026-03-06,afternoon,dine-in,34.0,17.0,6,2,0
1965,Decatur,2026-03-06,afternoon,take-out,12.0,6.0,6,2,0
1966,Decatur,2026-03-06,evening,delivery,14.0,4.67,4,3,0
1967,Decatur,2026-03-06,evening,dine-in,15.0,5.0,4,3,0
1968,Decatur,2026-03-06,evening,take-out,24.0,8.0,4,3,0
1969,Decatur,2026-03-06,morning,delivery,8.0,2.67,3,3,0
1970,Decatur,2026-03-06,morning,dine-in,12.0,4.0,3,3,0
1971,Decatur,2026-03-06,morning,take-out,12.0,4.0,3,3,0
1972,Decatur,2026-03-07,afternoon,delivery,18.0,3.6,7,5,0
1973,Decatur,2026-03-07,afternoon,dine-in,32.0,6.4,7,5,0
1974,Decatur,2026-03-07,afternoon,take-out,25.0,5.0,7,5,0
1975,Decatur,2026-03-07,evening,delivery,8.0,4.0,5,2,0
1976,Decatur,2026-03-07,evening,dine-in,32.0,16.0,5,2,0
1977,Decatur,2026-03-07,evening,take-out,31.0,15.5,5,2,0
1978,Decatur,2026-03-07,morning,delivery,11.0,3.67,3,3,0
1979,Decatur,2026-03-07,morning,dine-in,29.0,9.67,3,3,0
1980,Decatur,2026-03-07,morning,take-out,15.0,5.0,3,3,0
1981,Decatur,2026-03-08,afternoon,delivery,20.0,10.0,7,2,0
1982,Decatur,2026-03-08,afternoon,dine-in,38.0,19.0,7,2,0
1983,Decatur,2026-03-08,afternoon,take-out,20.0,10.0,7,2,0
1984,Decatur,2026-03-08,evening,delivery,17.0,8.5,5,2,0
1985,Decatur,2026-03-08,evening,dine-in,37.0,18.5,5,2,0
1986,Decatur,2026-03-08,evening,take-out,23.0,11.5,5,2,0
1987,Decatur,2026-03-08,morning,delivery,2.0,2.0,3,1,0
1988,Decatur,2026-03-08,morning,dine-in,22.0,22.0,3,1,0
1989,Decatur,2026-03-08,morning,take-out,23.0,23.0,3,1,0
1990,Decatur,2026-03-09,afternoon,delivery,9.0,1.8,6,5,0
1991,Decatur,2026-03-09,afternoon,dine-in,19.0,3.8,6,5,0
1992,Decatur,2026-03-09,afternoon,take-out,26.0,5.2,6,5,0
1993,Decatur,2026-03-09,evening,delivery,17.0,8.5,4,2,0
1994,Decatur,2026-03-09,evening,dine-in,14.0,7.0,4,2,0
1995,Decatur,2026-03-09,evening,take-out,24.0,12.0,4,2,0
1996,Decatur,2026-03-09,morning,delivery,7.0,7.0,3,1,0
1997,Decatur,2026-03-09,morning,dine-in,21.0,21.0,3,1,0
1998,Decatur,2026-03-09,morning,take-out,13.0,13.0,3,1,0
1999,Decatur,2026-03-10,afternoon,delivery,9.0,1.8,6,5,0
2000,Decatur,2026-03-10,afternoon,dine-in,23.0,4.6,6,5,0
2001,Decatur,2026-03-10,afternoon,take-out,31.0,6.2,6,5,0
2002,Decatur,2026-03-10,evening,delivery,15.0,15.0,4,1,0
2003,Decatur,2026-03-10,evening,dine-in,27.0,27.0,4,1,0
2004,Decatur,2026-03-10,evening,take-out,16.0,16.0,4,1,0
2005,Decatur,2026-03-10,morning,delivery,7.0,2.33,3,3,0
2006,Decatur,2026-03-10,morning,dine-in,8.0,2.67,3,3,0
2007,Decatur,2026-03-10,morning,take-out,15.0,5.0,3,3,0
2008,Decatur,2026-03-11,afternoon,delivery,25.0,6.25,6,4,0
2009,Decatur,2026-03-11,afternoon,dine-in,17.0,4.25,6,4,0
2010,Decatur,2026-03-11,afternoon,take-out,37.0,9.25,6,4,0
2011,Decatur,2026-03-11,evening,delivery,8.0,4.0,4,2,0
2012,Decatur,2026-03-11,evening,dine-in,25.0,12.5,4,2,0
2013,Decatur,2026-03-11,evening,take-out,14.0,7.0,4,2,0
2014,Decatur,2026-03-11,morning,delivery,7.0,7.0,3,1,0
2015,Decatur,2026-03-11,morning,dine-in,21.0,21.0,3,1,0
2016,Decatur,2026-03-11,morning,take-out,14.0,14.0,3,1,0
2017,Decatur,2026-03-12,afternoon,delivery,22.0,3.67,6,6,0
2018,Decatur,2026-03-12,afternoon,dine-in,36.0,6.0,6,6,0
2019,Decatur,2026-03-12,afternoon,take-out,16.0,2.67,6,6,0
2020,Decatur,2026-03-12,morning,delivery,18.0,6.0,3,3,0
2021,Decatur,2026-03-12,morning,dine-in,10.0,3.33,3,3,0
2022,Decatur,2026-03-12,morning,take-out,15.0,5.0,3,3,0
2023,Decatur,2026-03-13,afternoon,delivery,11.0,2.75,6,4,0
2024,Decatur,2026-03-13,afternoon,dine-in,32.0,8.0,6,4,0
2025,Decatur,2026-03-13,afternoon,take-out,23.0,5.75,6,4,0
2026,Decatur,2026-03-13,evening,delivery,8.0,2.67,4,3,0
2027,Decatur,2026-03-13,evening,dine-in,17.0,5.67,4,3,0
2028,Decatur,2026-03-13,evening,take-out,20.0,6.67,4,3,0
2029,Decatur,2026-03-13,morning,delivery,12.0,12.0,3,1,0
2030,Decatur,2026-03-13,morning,dine-in,8.0,8.0,3,1,0
2031,Decatur,2026-03-13,morning,take-out,10.0,10.0,3,1,0
2032,Decatur,2026-03-14,afternoon,delivery,18.0,6.0,7,3,0
2033,Decatur,2026-03-14,afternoon,dine-in,38.0,12.67,7,3,0
2034,Decatur,2026-03-14,afternoon,take-out,13.0,4.33,7,3,0
2035,Decatur,2026-03-14,evening,delivery,11.0,3.67,5,3,0
2036,Decatur,2026-03-14,evening,dine-in,12.0,4.0,5,3,0
2037,Decatur,2026-03-14,evening,take-out,29.0,9.67,5,3,0
2038,Decatur,2026-03-14,morning,delivery,9.0,4.5,3,2,0
2039,Decatur,2026-03-14,morning,dine-in,10.0,5.0,3,2,0
2040,Decatur,2026-03-14,morning,take-out,33.0,16.5,3,2,0
2041,Decatur,2026-03-15,afternoon,delivery,17.0,3.4,7,5,0
2042,Decatur,2026-03-15,afternoon,dine-in,26.0,5.2,7,5,0
2043,Decatur,2026-03-15,afternoon,take-out,32.0,6.4,7,5,0
2044,Decatur,2026-03-15,evening,delivery,12.0,3.0,5,4,0
2045,Decatur,2026-03-15,evening,dine-in,27.0,6.75,5,4,0
2046,Decatur,2026-03-15,evening,take-out,21.0,5.25,5,4,0
2047,Decatur,2026-03-15,morning,delivery,18.0,18.0,3,1,0
2048,Decatur,2026-03-15,morning,dine-in,36.0,36.0,3,1,0
2049,Decatur,2026-03-15,morning,take-out,11.0,11.0,3,1,0
2050,Decatur,2026-03-16,afternoon,delivery,14.0,3.5,6,4,0
2051,Decatur,2026-03-16,afternoon,dine-in,10.0,2.5,6,4,0
2052,Decatur,2026-03-16,afternoon,take-out,34.0,8.5,6,4,0
2053,Decatur,2026-03-16,evening,delivery,16.0,5.33,4,3,0
2054,Decatur,2026-03-16,evening,dine-in,20.0,6.67,4,3,0
2055,Decatur,2026-03-16,evening,take-out,28.0,9.33,4,3,0
2056,Decatur,2026-03-16,morning,delivery,6.0,3.0,3,2,0
2057,Decatur,2026-03-16,morning,dine-in,20.0,10.0,3,2,0
2058,Decatur,2026-03-16,morning,take-out,12.0,6.0,3,2,0
2059,Decatur,2026-03-17,afternoon,delivery,6.0,2.0,6,3,0
2060,Decatur,2026-03-17,afternoon,dine-in,29.0,9.67,6,3,0
2061,Decatur,2026-03-17,afternoon,take-out,26.0,8.67,6,3,0
2062,Decatur,2026-03-17,evening,delivery,11.0,5.5,4,2,0
2063,Decatur,2026-03-17,evening,dine-in,22.0,11.0,4,2,0
2064,Decatur,2026-03-17,evening,take-out,19.0,9.5,4,2,0
2065,Decatur,2026-03-17,morning,delivery,2.0,2.0,3,1,0
2066,Decatur,2026-03-17,morning,dine-in,17.0,17.0,3,1,0
2067,Decatur,2026-03-17,morning,take-out,24.0,24.0,3,1,0
2068,Decatur,2026-03-18,afternoon,delivery,9.0,2.25,6,4,0
2069,Decatur,2026-03-18,afternoon,dine-in,33.0,8.25,6,4,0
2070,Decatur,2026-03-18,afternoon,take-out,27.0,6.75,6,4,0
2071,Decatur,2026-03-18,evening,delivery,12.0,12.0,4,1,0
2072,Decatur,2026-03-18,evening,dine-in,24.0,24.0,4,1,0
2073,Decatur,2026-03-18,evening,take-out,6.0,6.0,4,1,0
2074,Decatur,2026-03-18,morning,delivery,16.0,5.33,3,3,0
2075,Decatur,2026-03-18,morning,dine-in,7.0,2.33,3,3,0
2076,Decatur,2026-03-18,morning,take-out,15.0,5.0,3,3,0
2077,Decatur,2026-03-19,afternoon,delivery,29.0,9.67,6,3,0
2078,Decatur,2026-03-19,afternoon,dine-in,26.0,8.67,6,3,0
2079,Decatur,2026-03-19,afternoon,take-out,17.0,5.67,6,3,0
2080,Decatur,2026-03-19,evening,delivery,13.0,6.5,4,2,0
2081,Decatur,2026-03-19,evening,dine-in,19.0,9.5,4,2,0
2082,Decatur,2026-03-19,evening,take-out,27.0,13.5,4,2,0
2083,Decatur,2026-03-20,afternoon,delivery,5.0,1.25,6,4,0
2084,Decatur,2026-03-20,afternoon,dine-in,28.0,7.0,6,4,0
2085,Decatur,2026-03-20,afternoon,take-out,32.0,8.0,6,4,0
2086,Decatur,2026-03-20,evening,delivery,17.0,5.67,4,3,0
2087,Decatur,2026-03-20,evening,dine-in,15.0,5.0,4,3,0
2088,Decatur,2026-03-20,evening,take-out,25.0,8.33,4,3,0
2089,Decatur,2026-03-20,morning,delivery,8.0,4.0,3,2,0
2090,Decatur,2026-03-20,morning,dine-in,11.0,5.5,3,2,0
2091,Decatur,2026-03-20,morning,take-out,10.0,5.0,3,2,0
2092,Decatur,2026-03-21,afternoon,delivery,14.0,3.5,7,4,0
2093,Decatur,2026-03-21,afternoon,dine-in,23.0,5.75,7,4,0
2094,Decatur,2026-03-21,afternoon,take-out,38.0,9.5,7,4,0
2095,Decatur,2026-03-21,evening,delivery,5.0,2.5,5,2,0
2096,Decatur,2026-03-21,evening,dine-in,30.0,15.0,5,2,0
2097,Decatur,2026-03-21,evening,take-out,24.0,12.0,5,2,0
2098,Decatur,2026-03-21,morning,delivery,10.0,10.0,3,1,0
2099,Decatur,2026-03-21,morning,dine-in,16.0,16.0,3,1,0
2100,Decatur,2026-03-21,morning,take-out,21.0,21.0,3,1,0
2101,Decatur,2026-03-22,afternoon,delivery,16.0,4.0,7,4,0
2102,Decatur,2026-03-22,afternoon,dine-in,40.0,10.0,7,4,0
2103,Decatur,2026-03-22,afternoon,take-out,25.0,6.25,7,4,0
2104,Decatur,2026-03-22,evening,delivery,9.0,4.5,5,2,0
2105,Decatur,2026-03-22,evening,dine-in,32.0,16.0,5,2,0
2106,Decatur,2026-03-22,evening,take-out,18.0,9.0,5,2,0
2107,Decatur,2026-03-22,morning,delivery,9.0,9.0,3,1,0
2108,Decatur,2026-03-22,morning,dine-in,25.0,25.0,3,1,0
2109,Decatur,2026-03-22,morning,take-out,16.0,16.0,3,1,0
2110,Decatur,2026-03-23,afternoon,delivery,16.0,3.2,6,5,0
2111,Decatur,2026-03-23,afternoon,dine-in,20.0,4.0,6,5,0
2112,Decatur,2026-03-23,afternoon,take-out,35.0,7.0,6,5,0
2113,Decatur,2026-03-23,evening,delivery,7.0,2.33,4,3,0
2114,Decatur,2026-03-23,evening,dine-in,17.0,5.67,4,3,0
2115,Decatur,2026-03-23,evening,take-out,23.0,7.67,4,3,0
2116,Decatur,2026-03-23,morning,delivery,5.0,2.5,3,2,0
2117,Decatur,2026-03-23,morning,dine-in,20.0,10.0,3,2,0
2118,Decatur,2026-03-23,morning,take-out,21.0,10.5,3,2,0
2119,Decatur,2026-03-24,afternoon,delivery,16.0,4.0,6,4,0
2120,Decatur,2026-03-24,afternoon,dine-in,21.0,5.25,6,4,0
2121,Decatur,2026-03-24,afternoon,take-out,23.0,5.75,6,4,0
2122,Decatur,2026-03-24,evening,delivery,12.0,6.0,4,2,0
2123,Decatur,2026-03-24,evening,dine-in,20.0,10.0,4,2,0
2124,Decatur,2026-03-24,evening,take-out,24.0,12.0,4,2,0
2125,Decatur,2026-03-24,morning,delivery,4.0,2.0,3,2,0
2126,Decatur,2026-03-24,morning,dine-in,15.0,7.5,3,2,0
2127,Decatur,2026-03-24,morning,take-out,25.0,12.5,3,2,0
2128,Decatur,2026-03-25,afternoon,delivery,9.0,3.0,6,3,0
2129,Decatur,2026-03-25,afternoon,dine-in,27.0,9.0,6,3,0
2130,Decatur,2026-03-25,afternoon,take-out,34.0,11.33,6,3,0
2131,Decatur,2026-03-25,evening,delivery,13.0,6.5,4,2,0
2132,Decatur,2026-03-25,evening,dine-in,17.0,8.5,4,2,0
2133,Decatur,2026-03-25,evening,take-out,17.0,8.5,4,2,0
2134,Decatur,2026-03-25,morning,delivery,3.0,1.0,3,3,0
2135,Decatur,2026-03-25,morning,dine-in,9.0,3.0,3,3,0
2136,Decatur,2026-03-25,morning,take-out,21.0,7.0,3,3,0
2137,Decatur,2026-03-26,afternoon,delivery,14.0,2.8,6,5,0
2138,Decatur,2026-03-26,afternoon,dine-in,27.0,5.4,6,5,0
2139,Decatur,2026-03-26,afternoon,take-out,23.0,4.6,6,5,0
2140,Decatur,2026-03-26,evening,delivery,12.0,4.0,4,3,0
2141,Decatur,2026-03-26,evening,dine-in,28.0,9.33,4,3,0
2142,Decatur,2026-03-26,evening,take-out,17.0,5.67,4,3,0
2143,Decatur,2026-03-26,morning,delivery,9.0,4.5,3,2,0
2144,Decatur,2026-03-26,morning,dine-in,7.0,3.5,3,2,0
2145,Decatur,2026-03-26,morning,take-out,29.0,14.5,3,2,0
2146,Decatur,2026-03-27,afternoon,delivery,14.0,4.67,6,3,0
2147,Decatur,2026-03-27,afternoon,dine-in,20.0,6.67,6,3,0
2148,Decatur,2026-03-27,afternoon,take-out,16.0,5.33,6,3,0
2149,Decatur,2026-03-27,evening,delivery,2.0,0.67,4,3,0
2150,Decatur,2026-03-27,evening,dine-in,24.0,8.0,4,3,0
2151,Decatur,2026-03-27,evening,take-out,29.0,9.67,4,3,0
2152,Decatur,2026-03-27,morning,delivery,3.0,1.5,3,2,0
2153,Decatur,2026-03-27,morning,dine-in,10.0,5.0,3,2,0
2154,Decatur,2026-03-27,morning,take-out,7.0,3.5,3,2,0
2155,Decatur,2026-03-28,afternoon,delivery,21.0,10.5,7,2,0
2156,Decatur,2026-03-28,afternoon,dine-in,35.0,17.5,7,2,0
2157,Decatur,2026-03-28,afternoon,take-out,36.0,18.0,7,2,0
2158,Decatur,2026-03-28,evening,delivery,11.0,2.75,5,4,0
2159,Decatur,2026-03-28,evening,dine-in,40.0,10.0,5,4,0
2160,Decatur,2026-03-28,evening,take-out,22.0,5.5,5,4,0
2161,Decatur,2026-03-28,morning,delivery,7.0,2.33,3,3,0
2162,Decatur,2026-03-28,morning,dine-in,10.0,3.33,3,3,0
2163,Decatur,2026-03-28,morning,take-out,24.0,8.0,3,3,0
2164,Decatur,2026-03-29,afternoon,delivery,9.0,3.0,7,3,0
2165,Decatur,2026-03-29,afternoon,dine-in,17.0,5.67,7,3,0
2166,Decatur,2026-03-29,afternoon,take-out,45.0,15.0,7,3,0
2167,Decatur,2026-03-29,evening,delivery,5.0,1.25,5,4,0
2168,Decatur,2026-03-29,evening,dine-in,17.0,4.25,5,4,0
2169,Decatur,2026-03-29,evening,take-out,24.0,6.0,5,4,0
2170,Decatur,2026-03-29,morning,delivery,7.0,3.5,3,2,0
2171,Decatur,2026-03-29,morning,dine-in,22.0,11.0,3,2,0
2172,Decatur,2026-03-29,morning,take-out,16.0,8.0,3,2,0
2173,Decatur,2026-03-30,afternoon,delivery,19.0,3.8,6,5,0
2174,Decatur,2026-03-30,afternoon,dine-in,28.0,5.6,6,5,0
2175,Decatur,2026-03-30,afternoon,take-out,15.0,3.0,6,5,0
2176,Decatur,2026-03-30,evening,delivery,11.0,5.5,4,2,0
2177,Decatur,2026-03-30,evening,dine-in,20.0,10.0,4,2,0
2178,Decatur,2026-03-30,evening,take-out,15.0,7.5,4,2,0
2179,Decatur,2026-03-30,morning,delivery,10.0,10.0,3,1,0
2180,Decatur,2026-03-30,morning,dine-in,20.0,20.0,3,1,0
2181,Decatur,2026-03-30,morning,take-out,7.0,7.0,3,1,0
2182,Decatur,2026-03-31,afternoon,delivery,11.0,3.67,6,3,0
2183,Decatur,2026-03-31,afternoon,dine-in,30.0,10.0,6,3,0
2184,Decatur,2026-03-31,afternoon,take-out,15.0,5.0,6,3,0
2185,Decatur,2026-03-31,evening,delivery,1.0,0.5,4,2,0
2186,Decatur,2026-03-31,evening,dine-in,16.0,8.0,4,2,0
2187,Decatur,2026-03-31,evening,take-out,22.0,11.0,4,2,0
2188,Decatur,2026-03-31,morning,delivery,6.0,3.0,3,2,0
2189,Decatur,2026-03-31,morning,dine-in,17.0,8.5,3,2,0
2190,Decatur,2026-03-31,morning,take-out,12.0,6.0,3,2,0
2191,Decatur,2026-04-01,afternoon,delivery,15.0,5.0,6,3,0
2192,Decatur,2026-04-01,afternoon,dine-in,29.0,9.67,6,3,0
2193,Decatur,2026-04-01,afternoon,take-out,19.0,6.33,6,3,0
2194,Decatur,2026-04-01,evening,delivery,12.0,4.0,4,3,0
2195,Decatur,2026-04-01,evening,dine-in,21.0,7.0,4,3,0
2196,Decatur,2026-04-01,evening,take-out,26.0,8.67,4,3,0
2197,Decatur,2026-04-01,morning,delivery,16.0,5.33,3,3,0
2198,Decatur,2026-04-01,morning,dine-in,12.0,4.0,3,3,0
2199,Decatur,2026-04-01,morning,take-out,4.0,1.33,3,3,0
2200,Decatur,2026-04-02,afternoon,delivery,15.0,5.0,6,3,0
2201,Decatur,2026-04-02,afternoon,dine-in,18.0,6.0,6,3,0
2202,Decatur,2026-04-02,afternoon,take-out,20.0,6.67,6,3,0
2203,Decatur,2026-04-02,evening,delivery,4.0,4.0,4,1,0
2204,Decatur,2026-04-02,evening,dine-in,34.0,34.0,4,1,0
2205,Decatur,2026-04-02,evening,take-out,21.0,21.0,4,1,0
2206,Decatur,2026-04-02,morning,delivery,3.0,1.0,3,3,0
2207,Decatur,2026-04-02,morning,dine-in,14.0,4.67,3,3,0
2208,Decatur,2026-04-02,morning,take-out,26.0,8.67,3,3,0
2209,Decatur,2026-04-03,afternoon,delivery,14.0,4.67,6,3,0
2210,Decatur,2026-04-03,afternoon,dine-in,18.0,6.0,6,3,0
2211,Decatur,2026-04-03,afternoon,take-out,36.0,12.0,6,3,0
2212,Decatur,2026-04-03,evening,delivery,5.0,1.67,4,3,0
2213,Decatur,2026-04-03,evening,dine-in,25.0,8.33,4,3,0
2214,Decatur,2026-04-03,evening,take-out,21.0,7.0,4,3,0
2215,Decatur,2026-04-03,morning,delivery,12.0,12.0,3,1,0
2216,Decatur,2026-04-03,morning,dine-in,22.0,22.0,3,1,0
2217,Decatur,2026-04-03,morning,take-out,13.0,13.0,3,1,0
2218,Decatur,2026-04-04,afternoon,delivery,6.0,1.5,7,4,0
2219,Decatur,2026-04-04,afternoon,dine-in,23.0,5.75,7,4,0
2220,Decatur,2026-04-04,afternoon,take-out,53.0,13.25,7,4,0
2221,Decatur,2026-04-04,evening,delivery,13.0,6.5,5,2,0
2222,Decatur,2026-04-04,evening,dine-in,33.0,16.5,5,2,0
2223,Decatur,2026-04-04,evening,take-out,29.0,14.5,5,2,0
2224,Decatur,2026-04-04,morning,delivery,10.0,5.0,3,2,0
2225,Decatur,2026-04-04,morning,dine-in,26.0,13.0,3,2,0
2226,Decatur,2026-04-04,morning,take-out,11.0,5.5,3,2,0
2227,Decatur,2026-04-05,afternoon,delivery,16.0,3.2,7,5,0
2228,Decatur,2026-04-05,afternoon,dine-in,34.0,6.8,7,5,0
2229,Decatur,2026-04-05,afternoon,take-out,32.0,6.4,7,5,0
2230,Decatur,2026-04-05,evening,delivery,9.0,4.5,5,2,0
2231,Decatur,2026-04-05,evening,dine-in,22.0,11.0,5,2,0
2232,Decatur,2026-04-05,evening,take-out,30.0,15.0,5,2,0
2233,Decatur,2026-04-05,morning,delivery,4.0,4.0,3,1,0
2234,Decatur,2026-04-05,morning,dine-in,32.0,32.0,3,1,0
2235,Decatur,2026-04-05,morning,take-out,17.0,17.0,3,1,0
2236,Decatur,2026-04-06,afternoon,delivery,8.0,1.6,6,5,0
2237,Decatur,2026-04-06,afternoon,dine-in,18.0,3.6,6,5,0
2238,Decatur,2026-04-06,afternoon,take-out,35.0,7.0,6,5,0
2239,Decatur,2026-04-06,evening,delivery,10.0,5.0,4,2,0
2240,Decatur,2026-04-06,evening,dine-in,18.0,9.0,4,2,0
2241,Decatur,2026-04-06,evening,take-out,7.0,3.5,4,2,0
2242,Decatur,2026-04-06,morning,delivery,13.0,13.0,3,1,0
2243,Decatur,2026-04-06,morning,dine-in,19.0,19.0,3,1,0
2244,Decatur,2026-04-06,morning,take-out,11.0,11.0,3,1,0
2245,Decatur,2026-04-07,afternoon,delivery,11.0,1.83,6,6,0
2246,Decatur,2026-04-07,afternoon,dine-in,30.0,5.0,6,6,0
2247,Decatur,2026-04-07,afternoon,take-out,37.0,6.17,6,6,0
2248,Decatur,2026-04-07,evening,delivery,5.0,5.0,4,1,0
2249,Decatur,2026-04-07,evening,dine-in,24.0,24.0,4,1,0
2250,Decatur,2026-04-07,evening,take-out,24.0,24.0,4,1,0
2251,Decatur,2026-04-07,morning,delivery,5.0,5.0,3,1,0
2252,Decatur,2026-04-07,morning,dine-in,19.0,19.0,3,1,0
2253,Decatur,2026-04-07,morning,take-out,10.0,10.0,3,1,0
2254,Decatur,2026-04-08,afternoon,delivery,19.0,4.75,6,4,0
2255,Decatur,2026-04-08,afternoon,dine-in,21.0,5.25,6,4,0
2256,Decatur,2026-04-08,afternoon,take-out,26.0,6.5,6,4,0
2257,Decatur,2026-04-08,morning,delivery,6.0,3.0,3,2,0
2258,Decatur,2026-04-08,morning,dine-in,8.0,4.0,3,2,0
2259,Decatur,2026-04-08,morning,take-out,24.0,12.0,3,2,0
2260,Decatur,2026-04-09,afternoon,delivery,12.0,4.0,6,3,0
2261,Decatur,2026-04-09,afternoon,dine-in,35.0,11.67,6,3,0
2262,Decatur,2026-04-09,afternoon,take-out,27.0,9.0,6,3,0
2263,Decatur,2026-04-09,evening,delivery,12.0,12.0,4,1,0
2264,Decatur,2026-04-09,evening,dine-in,28.0,28.0,4,1,0
2265,Decatur,2026-04-09,evening,take-out,15.0,15.0,4,1,0
2266,Decatur,2026-04-09,morning,delivery,12.0,6.0,3,2,0
2267,Decatur,2026-04-09,morning,dine-in,9.0,4.5,3,2,0
2268,Decatur,2026-04-09,morning,take-out,23.0,11.5,3,2,0
2269,Decatur,2026-04-10,afternoon,delivery,17.0,5.67,6,3,0
2270,Decatur,2026-04-10,afternoon,dine-in,17.0,5.67,6,3,0
2271,Decatur,2026-04-10,afternoon,take-out,29.0,9.67,6,3,0
2272,Decatur,2026-04-10,evening,delivery,12.0,6.0,4,2,0
2273,Decatur,2026-04-10,evening,dine-in,21.0,10.5,4,2,0
2274,Decatur,2026-04-10,evening,take-out,25.0,12.5,4,2,0
2275,Decatur,2026-04-10,morning,delivery,6.0,6.0,3,1,0
2276,Decatur,2026-04-10,morning,dine-in,22.0,22.0,3,1,0
2277,Decatur,2026-04-10,morning,take-out,14.0,14.0,3,1,0
2278,Decatur,2026-04-11,afternoon,delivery,14.0,4.67,7,3,0
2279,Decatur,2026-04-11,afternoon,dine-in,23.0,7.67,7,3,0
2280,Decatur,2026-04-11,afternoon,take-out,22.0,7.33,7,3,0
2281,Decatur,2026-04-11,evening,delivery,5.0,5.0,5,1,0
2282,Decatur,2026-04-11,evening,dine-in,28.0,28.0,5,1,0
2283,Decatur,2026-04-11,evening,take-out,27.0,27.0,5,1,0
2284,Decatur,2026-04-11,morning,delivery,6.0,2.0,3,3,0
2285,Decatur,2026-04-11,morning,dine-in,13.0,4.33,3,3,0
2286,Decatur,2026-04-11,morning,take-out,17.0,5.67,3,3,0
2287,Decatur,2026-04-12,afternoon,delivery,27.0,6.75,7,4,0
2288,Decatur,2026-04-12,afternoon,dine-in,10.0,2.5,7,4,0
2289,Decatur,2026-04-12,afternoon,take-out,31.0,7.75,7,4,0
2290,Decatur,2026-04-12,evening,delivery,9.0,4.5,5,2,0
2291,Decatur,2026-04-12,evening,dine-in,15.0,7.5,5,2,0
2292,Decatur,2026-04-12,evening,take-out,40.0,20.0,5,2,0
2293,Decatur,2026-04-12,morning,delivery,4.0,2.0,3,2,0
2294,Decatur,2026-04-12,morning,dine-in,9.0,4.5,3,2,0
2295,Decatur,2026-04-12,morning,take-out,22.0,11.0,3,2,0
2296,Decatur,2026-04-13,afternoon,delivery,10.0,2.5,6,4,0
2297,Decatur,2026-04-13,afternoon,dine-in,20.0,5.0,6,4,0
2298,Decatur,2026-04-13,afternoon,take-out,39.0,9.75,6,4,0
2299,Decatur,2026-04-13,evening,delivery,5.0,2.5,4,2,0
2300,Decatur,2026-04-13,evening,dine-in,22.0,11.0,4,2,0
2301,Decatur,2026-04-13,evening,take-out,17.0,8.5,4,2,0
2302,Decatur,2026-04-13,morning,delivery,5.0,2.5,3,2,0
2303,Decatur,2026-04-13,morning,dine-in,27.0,13.5,3,2,0
2304,Decatur,2026-04-13,morning,take-out,10.0,5.0,3,2,0
2305,Decatur,2026-04-14,afternoon,delivery,8.0,2.0,6,4,0
2306,Decatur,2026-04-14,afternoon,dine-in,36.0,9.0,6,4,0
2307,Decatur,2026-04-14,afternoon,take-out,39.0,9.75,6,4,0
2308,Decatur,2026-04-14,evening,delivery,8.0,2.67,4,3,0
2309,Decatur,2026-04-14,evening,dine-in,22.0,7.33,4,3,0
2310,Decatur,2026-04-14,evening,take-out,25.0,8.33,4,3,0
2311,Decatur,2026-04-14,morning,delivery,2.0,1.0,3,2,0
2312,Decatur,2026-04-14,morning,dine-in,20.0,10.0,3,2,0
2313,Decatur,2026-04-14,morning,take-out,14.0,7.0,3,2,0
2314,Decatur,2026-04-15,afternoon,delivery,12.0,3.0,6,4,0
2315,Decatur,2026-04-15,afternoon,dine-in,37.0,9.25,6,4,0
2316,Decatur,2026-04-15,afternoon,take-out,23.0,5.75,6,4,0
2317,Decatur,2026-04-15,evening,delivery,3.0,3.0,4,1,0
2318,Decatur,2026-04-15,evening,dine-in,34.0,34.0,4,1,0
2319,Decatur,2026-04-15,evening,take-out,12.0,12.0,4,1,0
2320,Decatur,2026-04-15,morning,delivery,11.0,5.5,3,2,0
2321,Decatur,2026-04-15,morning,dine-in,18.0,9.0,3,2,0
2322,Decatur,2026-04-15,morning,take-out,8.0,4.0,3,2,0
2323,Decatur,2026-04-16,afternoon,delivery,25.0,6.25,6,4,0
2324,Decatur,2026-04-16,afternoon,dine-in,26.0,6.5,6,4,0
2325,Decatur,2026-04-16,afternoon,take-out,27.0,6.75,6,4,0
2326,Decatur,2026-04-16,evening,delivery,6.0,2.0,4,3,0
2327,Decatur,2026-04-16,evening,dine-in,28.0,9.33,4,3,0
2328,Decatur,2026-04-16,evening,take-out,15.0,5.0,4,3,0
2329,Decatur,2026-04-16,morning,delivery,11.0,11.0,3,1,0
2330,Decatur,2026-04-16,morning,dine-in,12.0,12.0,3,1,0
2331,Decatur,2026-04-16,morning,take-out,15.0,15.0,3,1,0
2332,Decatur,2026-04-17,afternoon,delivery,4.0,1.0,6,4,0
2333,Decatur,2026-04-17,afternoon,dine-in,28.0,7.0,6,4,0
2334,Decatur,2026-04-17,afternoon,take-out,27.0,6.75,6,4,0
2335,Decatur,2026-04-17,evening,delivery,15.0,5.0,4,3,0
2336,Decatur,2026-04-17,evening,dine-in,10.0,3.33,4,3,0
2337,Decatur,2026-04-17,evening,take-out,20.0,6.67,4,3,0
2338,Decatur,2026-04-17,morning,delivery,10.0,5.0,3,2,0
2339,Decatur,2026-04-17,morning,dine-in,12.0,6.0,3,2,0
2340,Decatur,2026-04-17,morning,take-out,13.0,6.5,3,2,0
2341,Decatur,2026-04-18,afternoon,delivery,3.0,0.75,7,4,0
2342,Decatur,2026-04-18,afternoon,dine-in,26.0,6.5,7,4,0
2343,Decatur,2026-04-18,afternoon,take-out,51.0,12.75,7,4,0
2344,Decatur,2026-04-18,evening,delivery,12.0,3.0,5,4,0
2345,Decatur,2026-04-18,evening,dine-in,34.0,8.5,5,4,0
2346,Decatur,2026-04-18,evening,take-out,10.0,2.5,5,4,0
2347,Decatur,2026-04-18,morning,delivery,10.0,10.0,3,1,0
2348,Decatur,2026-04-18,morning,dine-in,20.0,20.0,3,1,0
2349,Decatur,2026-04-18,morning,take-out,10.0,10.0,3,1,0
2350,Decatur,2026-04-19,afternoon,delivery,28.0,14.0,7,2,0
2351,Decatur,2026-04-19,afternoon,dine-in,11.0,5.5,7,2,0
2352,Decatur,2026-04-19,afternoon,take-out,27.0,13.5,7,2,0
2353,Decatur,2026-04-19,evening,delivery,2.0,0.5,5,4,0
2354,Decatur,2026-04-19,evening,dine-in,23.0,5.75,5,4,0
2355,Decatur,2026-04-19,evening,take-out,36.0,9.0,5,4,0
2356,Decatur,2026-04-20,afternoon,delivery,14.0,3.5,6,4,0
2357,Decatur,2026-04-20,afternoon,dine-in,37.0,9.25,6,4,0
2358,Decatur,2026-04-20,afternoon,take-out,23.0,5.75,6,4,0
2359,Decatur,2026-04-20,evening,delivery,12.0,12.0,4,1,0
2360,Decatur,2026-04-20,evening,dine-in,28.0,28.0,4,1,0
2361,Decatur,2026-04-20,evening,take-out,20.0,20.0,4,1,0
2362,Decatur,2026-04-20,morning,delivery,5.0,5.0,3,1,0
2363,Decatur,2026-04-20,morning,dine-in,7.0,7.0,3,1,0
2364,Decatur,2026-04-20,morning,take-out,21.0,21.0,3,1,0
2365,Decatur,2026-04-21,afternoon,delivery,12.0,4.0,6,3,0
2366,Decatur,2026-04-21,afternoon,dine-in,36.0,12.0,6,3,0
2367,Decatur,2026-04-21,afternoon,take-out,26.0,8.67,6,3,0
2368,Decatur,2026-04-21,evening,delivery,22.0,11.0,4,2,0
2369,Decatur,2026-04-21,evening,dine-in,14.0,7.0,4,2,0
2370,Decatur,2026-04-21,evening,take-out,18.0,9.0,4,2,0
2371,Decatur,2026-04-21,morning,delivery,3.0,1.5,3,2,0
2372,Decatur,2026-04-21,morning,dine-in,21.0,10.5,3,2,0
2373,Decatur,2026-04-21,morning,take-out,15.0,7.5,3,2,0
2374,Decatur,2026-04-22,afternoon,delivery,12.0,3.0,6,4,0
2375,Decatur,2026-04-22,afternoon,dine-in,22.0,5.5,6,4,0
2376,Decatur,2026-04-22,afternoon,take-out,23.0,5.75,6,4,0
2377,Decatur,2026-04-22,evening,delivery,16.0,5.33,4,3,0
2378,Decatur,2026-04-22,evening,dine-in,8.0,2.67,4,3,0
2379,Decatur,2026-04-22,evening,take-out,30.0,10.0,4,3,0
2380,Decatur,2026-04-22,morning,delivery,8.0,4.0,3,2,0
2381,Decatur,2026-04-22,morning,dine-in,16.0,8.0,3,2,0
2382,Decatur,2026-04-22,morning,take-out,10.0,5.0,3,2,0
2383,Decatur,2026-04-23,afternoon,delivery,12.0,4.0,6,3,0
2384,Decatur,2026-04-23,afternoon,dine-in,27.0,9.0,6,3,0
2385,Decatur,2026-04-23,afternoon,take-out,23.0,7.67,6,3,0
2386,Decatur,2026-04-23,evening,delivery,6.0,3.0,4,2,0
2387,Decatur,2026-04-23,evening,dine-in,23.0,11.5,4,2,0
2388,Decatur,2026-04-23,evening,take-out,9.0,4.5,4,2,0
2389,Decatur,2026-04-23,morning,delivery,6.0,2.0,3,3,0
2390,Decatur,2026-04-23,morning,dine-in,20.0,6.67,3,3,0
2391,Decatur,2026-04-23,morning,take-out,8.0,2.67,3,3,0
2392,Decatur,2026-04-24,afternoon,delivery,8.0,4.0,6,2,0
2393,Decatur,2026-04-24,afternoon,dine-in,34.0,17.0,6,2,0
2394,Decatur,2026-04-24,afternoon,take-out,27.0,13.5,6,2,0
2395,Decatur,2026-04-24,evening,delivery,23.0,11.5,4,2,0
2396,Decatur,2026-04-24,evening,dine-in,21.0,10.5,4,2,0
2397,Decatur,2026-04-24,evening,take-out,14.0,7.0,4,2,0
2398,Decatur,2026-04-24,morning,delivery,2.0,2.0,3,1,0
2399,Decatur,2026-04-24,morning,dine-in,20.0,20.0,3,1,0
2400,Decatur,2026-04-24,morning,take-out,17.0,17.0,3,1,0
2401,Decatur,2026-04-25,afternoon,delivery,20.0,6.67,7,3,0
2402,Decatur,2026-04-25,afternoon,dine-in,23.0,7.67,7,3,0
2403,Decatur,2026-04-25,afternoon,take-out,33.0,11.0,7,3,0
2404,Decatur,2026-04-25,evening,delivery,5.0,2.5,5,2,0
2405,Decatur,2026-04-25,evening,dine-in,20.0,10.0,5,2,0
2406,Decatur,2026-04-25,evening,take-out,24.0,12.0,5,2,0
2407,Decatur,2026-04-25,morning,dine-in,25.0,8.33,3,3,0
2408,Decatur,2026-04-25,morning,take-out,13.0,4.33,3,3,0
2409,Decatur,2026-04-26,afternoon,delivery,8.0,4.0,7,2,0
2410,Decatur,2026-04-26,afternoon,dine-in,41.0,20.5,7,2,0
2411,Decatur,2026-04-26,afternoon,take-out,46.0,23.0,7,2,0
2412,Decatur,2026-04-26,evening,delivery,20.0,20.0,5,1,0
2413,Decatur,2026-04-26,evening,dine-in,18.0,18.0,5,1,0
2414,Decatur,2026-04-26,evening,take-out,31.0,31.0,5,1,0
2415,Decatur,2026-04-26,morning,delivery,13.0,6.5,3,2,0
2416,Decatur,2026-04-26,morning,dine-in,18.0,9.0,3,2,0
2417,Decatur,2026-04-26,morning,take-out,23.0,11.5,3,2,0
2418,Decatur,2026-04-27,afternoon,delivery,11.0,2.75,6,4,0
2419,Decatur,2026-04-27,afternoon,dine-in,33.0,8.25,6,4,0
2420,Decatur,2026-04-27,afternoon,take-out,39.0,9.75,6,4,0
2421,Decatur,2026-04-27,evening,delivery,3.0,1.5,4,2,0
2422,Decatur,2026-04-27,evening,dine-in,14.0,7.0,4,2,0
2423,Decatur,2026-04-27,evening,take-out,26.0,13.0,4,2,0
2424,Decatur,2026-04-27,morning,delivery,11.0,5.5,3,2,0
2425,Decatur,2026-04-27,morning,dine-in,13.0,6.5,3,2,0
2426,Decatur,2026-04-27,morning,take-out,12.0,6.0,3,2,0
2427,Decatur,2026-04-28,afternoon,delivery,22.0,5.5,6,4,0
2428,Decatur,2026-04-28,afternoon,dine-in,32.0,8.0,6,4,0
2429,Decatur,2026-04-28,afternoon,take-out,31.0,7.75,6,4,0
2430,Decatur,2026-04-28,evening,delivery,7.0,3.5,4,2,0
2431,Decatur,2026-04-28,evening,dine-in,24.0,12.0,4,2,0
2432,Decatur,2026-04-28,evening,take-out,16.0,8.0,4,2,0
2433,Decatur,2026-04-28,morning,delivery,12.0,6.0,3,2,0
2434,Decatur,2026-04-28,morning,dine-in,11.0,5.5,3,2,0
2435,Decatur,2026-04-28,morning,take-out,20.0,10.0,3,2,0
2436,Decatur,2026-04-29,afternoon,delivery,13.0,3.25,6,4,0
2437,Decatur,2026-04-29,afternoon,dine-in,19.0,4.75,6,4,0
2438,Decatur,2026-04-29,afternoon,take-out,40.0,10.0,6,4,0
2439,Decatur,2026-04-29,evening,delivery,3.0,1.5,4,2,0
2440,Decatur,2026-04-29,evening,dine-in,14.0,7.0,4,2,0
2441,Decatur,2026-04-29,evening,take-out,41.0,20.5,4,2,0
2442,Decatur,2026-04-30,afternoon,delivery,4.0,2.0,6,2,0
2443,Decatur,2026-04-30,afternoon,dine-in,28.0,14.0,6,2,0
2444,Decatur,2026-04-30,afternoon,take-out,29.0,14.5,6,2,0
2445,Decatur,2026-04-30,evening,delivery,20.0,6.67,4,3,0
2446,Decatur,2026-04-30,evening,dine-in,21.0,7.0,4,3,0
2447,Decatur,2026-04-30,evening,take-out,16.0,5.33,4,3,0
2448,Decatur,2026-04-30,morning,delivery,5.0,1.67,3,3,0
2449,Decatur,2026-04-30,morning,dine-in,14.0,4.67,3,3,0
2450,Decatur,2026-04-30,morning,take-out,8.0,2.67,3,3,0
2451,Decatur,2026-05-01,afternoon,delivery,10.0,3.33,6,3,0
2452,Decatur,2026-05-01,afternoon,dine-in,21.0,7.0,6,3,0
2453,Decatur,2026-05-01,afternoon,take-out,38.0,12.67,6,3,0
2454,Decatur,2026-05-01,evening,delivery,9.0,3.0,4,3,0
2455,Decatur,2026-05-01,evening,dine-in,16.0,5.33,4,3,0
2456,Decatur,2026-05-01,evening,take-out,39.0,13.0,4,3,0
2457,Decatur,2026-05-01,morning,delivery,9.0,3.0,3,3,0
2458,Decatur,2026-05-01,morning,dine-in,28.0,9.33,3,3,0
2459,Decatur,2026-05-01,morning,take-out,9.0,3.0,3,3,0
2460,Decatur,2026-05-02,afternoon,delivery,16.0,3.2,7,5,0
2461,Decatur,2026-05-02,afternoon,dine-in,40.0,8.0,7,5,0
2462,Decatur,2026-05-02,afternoon,take-out,13.0,2.6,7,5,0
2463,Decatur,2026-05-02,evening,delivery,17.0,4.25,5,4,0
2464,Decatur,2026-05-02,evening,dine-in,36.0,9.0,5,4,0
2465,Decatur,2026-05-02,evening,take-out,16.0,4.0,5,4,0
2466,Decatur,2026-05-02,morning,dine-in,16.0,8.0,3,2,0
2467,Decatur,2026-05-02,morning,take-out,25.0,12.5,3,2,0
2468,Decatur,2026-05-03,afternoon,delivery,22.0,7.33,7,3,0
2469,Decatur,2026-05-03,afternoon,dine-in,20.0,6.67,7,3,0
2470,Decatur,2026-05-03,afternoon,take-out,25.0,8.33,7,3,0
2471,Decatur,2026-05-03,evening,delivery,16.0,16.0,5,1,0
2472,Decatur,2026-05-03,evening,dine-in,21.0,21.0,5,1,0
2473,Decatur,2026-05-03,evening,take-out,28.0,28.0,5,1,0
2474,Decatur,2026-05-03,morning,delivery,9.0,4.5,3,2,0
2475,Decatur,2026-05-03,morning,dine-in,5.0,2.5,3,2,0
2476,Decatur,2026-05-03,morning,take-out,30.0,15.0,3,2,0
2477,Decatur,2026-05-04,afternoon,delivery,22.0,5.5,6,4,0
2478,Decatur,2026-05-04,afternoon,dine-in,29.0,7.25,6,4,0
2479,Decatur,2026-05-04,afternoon,take-out,17.0,4.25,6,4,0
2480,Decatur,2026-05-04,evening,delivery,10.0,5.0,4,2,0
2481,Decatur,2026-05-04,evening,dine-in,34.0,17.0,4,2,0
2482,Decatur,2026-05-04,evening,take-out,19.0,9.5,4,2,0
2483,Decatur,2026-05-04,morning,delivery,6.0,2.0,3,3,0
2484,Decatur,2026-05-04,morning,dine-in,27.0,9.0,3,3,0
2485,Decatur,2026-05-04,morning,take-out,8.0,2.67,3,3,0
2486,Decatur,2026-05-05,afternoon,delivery,18.0,4.5,6,4,0
2487,Decatur,2026-05-05,afternoon,dine-in,38.0,9.5,6,4,0
2488,Decatur,2026-05-05,afternoon,take-out,16.0,4.0,6,4,0
2489,Decatur,2026-05-05,evening,delivery,12.0,12.0,4,1,0
2490,Decatur,2026-05-05,evening,dine-in,12.0,12.0,4,1,0
2491,Decatur,2026-05-05,evening,take-out,24.0,24.0,4,1,0
2492,Decatur,2026-05-05,morning,delivery,1.0,0.5,3,2,0
2493,Decatur,2026-05-05,morning,dine-in,23.0,11.5,3,2,0
2494,Decatur,2026-05-05,morning,take-out,14.0,7.0,3,2,0
2495,Decatur,2026-05-06,afternoon,delivery,7.0,2.33,6,3,0
2496,Decatur,2026-05-06,afternoon,dine-in,30.0,10.0,6,3,0
2497,Decatur,2026-05-06,afternoon,take-out,36.0,12.0,6,3,0
2498,Decatur,2026-05-06,evening,delivery,11.0,3.67,4,3,0
2499,Decatur,2026-05-06,evening,dine-in,23.0,7.67,4,3,0
2500,Decatur,2026-05-06,evening,take-out,22.0,7.33,4,3,0
2501,Decatur,2026-05-06,morning,delivery,13.0,6.5,3,2,0
2502,Decatur,2026-05-06,morning,dine-in,15.0,7.5,3,2,0
2503,Decatur,2026-05-06,morning,take-out,13.0,6.5,3,2,0
2504,Decatur,2026-05-07,afternoon,delivery,16.0,5.33,6,3,0
2505,Decatur,2026-05-07,afternoon,dine-in,31.0,10.33,6,3,0
2506,Decatur,2026-05-07,afternoon,take-out,20.0,6.67,6,3,0
2507,Decatur,2026-05-07,evening,delivery,9.0,4.5,4,2,0
2508,Decatur,2026-05-07,evening,dine-in,17.0,8.5,4,2,0
2509,Decatur,2026-05-07,evening,take-out,19.0,9.5,4,2,0
2510,Decatur,2026-05-07,morning,delivery,9.0,3.0,3,3,0
2511,Decatur,2026-05-07,morning,dine-in,13.0,4.33,3,3,0
2512,Decatur,2026-05-07,morning,take-out,25.0,8.33,3,3,0
2513,Decatur,2026-05-08,afternoon,delivery,22.0,11.0,6,2,0
2514,Decatur,2026-05-08,afternoon,dine-in,38.0,19.0,6,2,0
2515,Decatur,2026-05-08,afternoon,take-out,18.0,9.0,6,2,0
2516,Decatur,2026-05-08,evening,delivery,5.0,2.5,4,2,0
2517,Decatur,2026-05-08,evening,dine-in,21.0,10.5,4,2,0
2518,Decatur,2026-05-08,evening,take-out,20.0,10.0,4,2,0
2519,Decatur,2026-05-08,morning,delivery,6.0,2.0,3,3,0
2520,Decatur,2026-05-08,morning,dine-in,17.0,5.67,3,3,0
2521,Decatur,2026-05-08,morning,take-out,13.0,4.33,3,3,0
2522,Decatur,2026-05-09,afternoon,delivery,11.0,3.67,7,3,0
2523,Decatur,2026-05-09,afternoon,dine-in,23.0,7.67,7,3,0
2524,Decatur,2026-05-09,afternoon,take-out,28.0,9.33,7,3,0
2525,Decatur,2026-05-09,evening,delivery,13.0,2.6,5,5,0
2526,Decatur,2026-05-09,evening,dine-in,37.0,7.4,5,5,0
2527,Decatur,2026-05-09,evening,take-out,13.0,2.6,5,5,0
2528,Decatur,2026-05-09,morning,delivery,8.0,4.0,3,2,0
2529,Decatur,2026-05-09,morning,dine-in,13.0,6.5,3,2,0
2530,Decatur,2026-05-09,morning,take-out,23.0,11.5,3,2,0
2531,Decatur,2026-05-10,afternoon,delivery,25.0,12.5,7,2,0
2532,Decatur,2026-05-10,afternoon,dine-in,17.0,8.5,7,2,0
2533,Decatur,2026-05-10,afternoon,take-out,18.0,9.0,7,2,0
2534,Decatur,2026-05-10,evening,delivery,5.0,1.25,5,4,0
2535,Decatur,2026-05-10,evening,dine-in,27.0,6.75,5,4,0
2536,Decatur,2026-05-10,evening,take-out,32.0,8.0,5,4,0
2537,Decatur,2026-05-11,afternoon,delivery,9.0,9.0,6,1,0
2538,Decatur,2026-05-11,afternoon,dine-in,28.0,28.0,6,1,0
2539,Decatur,2026-05-11,afternoon,take-out,26.0,26.0,6,1,0
2540,Decatur,2026-05-11,evening,delivery,11.0,2.75,4,4,0
2541,Decatur,2026-05-11,evening,dine-in,24.0,6.0,4,4,0
2542,Decatur,2026-05-11,evening,take-out,19.0,4.75,4,4,0
2543,Decatur,2026-05-11,morning,delivery,1.0,1.0,3,1,0
2544,Decatur,2026-05-11,morning,dine-in,16.0,16.0,3,1,0
2545,Decatur,2026-05-11,morning,take-out,19.0,19.0,3,1,0
2546,Decatur,2026-05-12,afternoon,delivery,14.0,3.5,6,4,0
2547,Decatur,2026-05-12,afternoon,dine-in,34.0,8.5,6,4,0
2548,Decatur,2026-05-12,afternoon,take-out,21.0,5.25,6,4,0
2549,Decatur,2026-05-12,evening,delivery,5.0,1.67,4,3,0
2550,Decatur,2026-05-12,evening,dine-in,20.0,6.67,4,3,0
2551,Decatur,2026-05-12,evening,take-out,19.0,6.33,4,3,0
2552,Decatur,2026-05-12,morning,delivery,6.0,3.0,3,2,0
2553,Decatur,2026-05-12,morning,dine-in,20.0,10.0,3,2,0
2554,Decatur,2026-05-12,morning,take-out,10.0,5.0,3,2,0
2555,Decatur,2026-05-13,afternoon,delivery,13.0,4.33,6,3,0
2556,Decatur,2026-05-13,afternoon,dine-in,14.0,4.67,6,3,0
2557,Decatur,2026-05-13,afternoon,take-out,24.0,8.0,6,3,0
2558,Decatur,2026-05-13,evening,delivery,13.0,13.0,4,1,0
2559,Decatur,2026-05-13,evening,dine-in,19.0,19.0,4,1,0
2560,Decatur,2026-05-13,evening,take-out,27.0,27.0,4,1,0
2561,Decatur,2026-05-13,morning,delivery,6.0,3.0,3,2,0
2562,Decatur,2026-05-13,morning,dine-in,19.0,9.5,3,2,0
2563,Decatur,2026-05-13,morning,take-out,10.0,5.0,3,2,0
2564,Decatur,2026-05-14,afternoon,delivery,18.0,6.0,6,3,0
2565,Decatur,2026-05-14,afternoon,dine-in,26.0,8.67,6,3,0
2566,Decatur,2026-05-14,afternoon,take-out,14.0,4.67,6,3,0
2567,Decatur,2026-05-14,evening,delivery,3.0,3.0,4,1,0
2568,Decatur,2026-05-14,evening,dine-in,21.0,21.0,4,1,0
2569,Decatur,2026-05-14,evening,take-out,29.0,29.0,4,1,0
2570,Decatur,2026-05-14,morning,delivery,17.0,8.5,3,2,0
2571,Decatur,2026-05-14,morning,dine-in,5.0,2.5,3,2,0
2572,Decatur,2026-05-14,morning,take-out,20.0,10.0,3,2,0
2573,Decatur,2026-05-15,afternoon,delivery,24.0,6.0,6,4,0
2574,Decatur,2026-05-15,afternoon,dine-in,25.0,6.25,6,4,0
2575,Decatur,2026-05-15,afternoon,take-out,22.0,5.5,6,4,0
2576,Decatur,2026-05-15,evening,delivery,7.0,7.0,4,1,0
2577,Decatur,2026-05-15,evening,dine-in,29.0,29.0,4,1,0
2578,Decatur,2026-05-15,evening,take-out,18.0,18.0,4,1,0
2579,Decatur,2026-05-15,morning,delivery,8.0,8.0,3,1,0
2580,Decatur,2026-05-15,morning,dine-in,23.0,23.0,3,1,0
2581,Decatur,2026-05-15,morning,take-out,13.0,13.0,3,1,0
2582,Decatur,2026-05-16,afternoon,delivery,11.0,2.75,7,4,0
2583,Decatur,2026-05-16,afternoon,dine-in,29.0,7.25,7,4,0
2584,Decatur,2026-05-16,afternoon,take-out,32.0,8.0,7,4,0
2585,Decatur,2026-05-16,evening,delivery,18.0,6.0,5,3,0
2586,Decatur,2026-05-16,evening,dine-in,22.0,7.33,5,3,0
2587,Decatur,2026-05-16,evening,take-out,23.0,7.67,5,3,0
2588,Decatur,2026-05-16,morning,delivery,3.0,1.0,3,3,0
2589,Decatur,2026-05-16,morning,dine-in,18.0,6.0,3,3,0
2590,Decatur,2026-05-16,morning,take-out,11.0,3.67,3,3,0
2591,Decatur,2026-05-17,afternoon,delivery,15.0,3.75,7,4,0
2592,Decatur,2026-05-17,afternoon,dine-in,40.0,10.0,7,4,0
2593,Decatur,2026-05-17,afternoon,take-out,23.0,5.75,7,4,0
2594,Decatur,2026-05-17,evening,delivery,10.0,5.0,5,2,0
2595,Decatur,2026-05-17,evening,dine-in,24.0,12.0,5,2,0
2596,Decatur,2026-05-17,evening,take-out,24.0,12.0,5,2,0
2597,Decatur,2026-05-17,morning,delivery,9.0,4.5,3,2,0
2598,Decatur,2026-05-17,morning,dine-in,15.0,7.5,3,2,0
2599,Decatur,2026-05-17,morning,take-out,22.0,11.0,3,2,0
2600,Decatur,2026-05-18,afternoon,delivery,14.0,3.5,6,4,0
2601,Decatur,2026-05-18,afternoon,dine-in,26.0,6.5,6,4,0
2602,Decatur,2026-05-18,afternoon,take-out,34.0,8.5,6,4,0
2603,Decatur,2026-05-18,evening,delivery,6.0,2.0,4,3,0
2604,Decatur,2026-05-18,evening,dine-in,37.0,12.33,4,3,0
2605,Decatur,2026-05-18,evening,take-out,12.0,4.0,4,3,0
2606,Decatur,2026-05-18,morning,delivery,8.0,4.0,3,2,0
2607,Decatur,2026-05-18,morning,dine-in,8.0,4.0,3,2,0
2608,Decatur,2026-05-18,morning,take-out,20.0,10.0,3,2,0
2609,Decatur,2026-05-19,afternoon,delivery,12.0,3.0,6,4,0
2610,Decatur,2026-05-19,afternoon,dine-in,27.0,6.75,6,4,0
2611,Decatur,2026-05-19,afternoon,take-out,21.0,5.25,6,4,0
2612,Decatur,2026-05-19,evening,delivery,5.0,2.5,4,2,0
2613,Decatur,2026-05-19,evening,dine-in,18.0,9.0,4,2,0
2614,Decatur,2026-05-19,evening,take-out,25.0,12.5,4,2,0
2615,Decatur,2026-05-19,morning,delivery,13.0,6.5,3,2,0
2616,Decatur,2026-05-19,morning,dine-in,18.0,9.0,3,2,0
2617,Decatur,2026-05-19,morning,take-out,19.0,9.5,3,2,0
2618,Decatur,2026-05-20,afternoon,delivery,8.0,2.67,6,3,0
2619,Decatur,2026-05-20,afternoon,dine-in,29.0,9.67,6,3,0
2620,Decatur,2026-05-20,afternoon,take-out,31.0,10.33,6,3,0
2621,Decatur,2026-05-20,evening,delivery,13.0,6.5,4,2,0
2622,Decatur,2026-05-20,evening,dine-in,22.0,11.0,4,2,0
2623,Decatur,2026-05-20,evening,take-out,15.0,7.5,4,2,0
2624,Decatur,2026-05-20,morning,delivery,7.0,7.0,3,1,0
2625,Decatur,2026-05-20,morning,dine-in,20.0,20.0,3,1,0
2626,Decatur,2026-05-20,morning,take-out,19.0,19.0,3,1,0
2627,Decatur,2026-05-21,afternoon,delivery,8.0,4.0,6,2,0
2628,Decatur,2026-05-21,afternoon,dine-in,21.0,10.5,6,2,0
2629,Decatur,2026-05-21,afternoon,take-out,27.0,13.5,6,2,0
2630,Decatur,2026-05-21,evening,delivery,16.0,8.0,4,2,0
2631,Decatur,2026-05-21,evening,dine-in,31.0,15.5,4,2,0
2632,Decatur,2026-05-21,evening,take-out,19.0,9.5,4,2,0
2633,Decatur,2026-05-21,morning,delivery,7.0,7.0,3,1,0
2634,Decatur,2026-05-21,morning,dine-in,14.0,14.0,3,1,0
2635,Decatur,2026-05-21,morning,take-out,14.0,14.0,3,1,0
2636,Decatur,2026-05-22,afternoon,delivery,9.0,3.0,6,3,0
2637,Decatur,2026-05-22,afternoon,dine-in,47.0,15.67,6,3,0
2638,Decatur,2026-05-22,afternoon,take-out,11.0,3.67,6,3,0
2639,Decatur,2026-05-22,evening,delivery,7.0,3.5,4,2,0
2640,Decatur,2026-05-22,evening,dine-in,29.0,14.5,4,2,0
2641,Decatur,2026-05-22,evening,take-out,14.0,7.0,4,2,0
2642,Decatur,2026-05-23,afternoon,delivery,14.0,3.5,7,4,0
2643,Decatur,2026-05-23,afternoon,dine-in,27.0,6.75,7,4,0
2644,Decatur,2026-05-23,afternoon,take-out,38.0,9.5,7,4,0
2645,Decatur,2026-05-23,evening,delivery,8.0,4.0,5,2,0
2646,Decatur,2026-05-23,evening,dine-in,17.0,8.5,5,2,0
2647,Decatur,2026-05-23,evening,take-out,36.0,18.0,5,2,0
2648,Decatur,2026-05-23,morning,delivery,8.0,4.0,3,2,0
2649,Decatur,2026-05-23,morning,dine-in,10.0,5.0,3,2,0
2650,Decatur,2026-05-23,morning,take-out,17.0,8.5,3,2,0
2651,Decatur,2026-05-24,afternoon,delivery,7.0,1.75,7,4,0
2652,Decatur,2026-05-24,afternoon,dine-in,29.0,7.25,7,4,0
2653,Decatur,2026-05-24,afternoon,take-out,33.0,8.25,7,4,0
2654,Decatur,2026-05-24,evening,delivery,15.0,7.5,5,2,0
2655,Decatur,2026-05-24,evening,dine-in,18.0,9.0,5,2,0
2656,Decatur,2026-05-24,evening,take-out,31.0,15.5,5,2,0
2657,Decatur,2026-05-24,morning,delivery,4.0,4.0,3,1,0
2658,Decatur,2026-05-24,morning,dine-in,32.0,32.0,3,1,0
2659,Decatur,2026-05-24,morning,take-out,15.0,15.0,3,1,0
2660,Decatur,2026-05-25,afternoon,delivery,4.0,1.33,6,3,0
2661,Decatur,2026-05-25,afternoon,dine-in,17.0,5.67,6,3,0
2662,Decatur,2026-05-25,afternoon,take-out,15.0,5.0,6,3,0
2663,Decatur,2026-05-25,evening,delivery,15.0,7.5,4,2,0
2664,Decatur,2026-05-25,evening,dine-in,15.0,7.5,4,2,0
2665,Decatur,2026-05-25,evening,take-out,12.0,6.0,4,2,0
2666,Decatur,2026-05-25,morning,delivery,2.0,1.0,3,2,0
2667,Decatur,2026-05-25,morning,dine-in,15.0,7.5,3,2,0
2668,Decatur,2026-05-25,morning,take-out,15.0,7.5,3,2,0
2669,Decatur,2026-05-26,afternoon,delivery,16.0,8.0,6,2,0
2670,Decatur,2026-05-26,afternoon,dine-in,16.0,8.0,6,2,0
2671,Decatur,2026-05-26,afternoon,take-out,21.0,10.5,6,2,0
2672,Decatur,2026-05-26,morning,delivery,5.0,5.0,3,1,0
2673,Decatur,2026-05-26,morning,dine-in,7.0,7.0,3,1,0
2674,Decatur,2026-05-26,morning,take-out,28.0,28.0,3,1,0
2675,Decatur,2026-05-27,afternoon,delivery,12.0,6.0,6,2,0
2676,Decatur,2026-05-27,afternoon,dine-in,20.0,10.0,6,2,0
2677,Decatur,2026-05-27,afternoon,take-out,24.0,12.0,6,2,0
2678,Decatur,2026-05-27,evening,delivery,3.0,0.75,4,4,0
2679,Decatur,2026-05-27,evening,dine-in,25.0,6.25,4,4,0
2680,Decatur,2026-05-27,evening,take-out,14.0,3.5,4,4,0
2681,Decatur,2026-05-27,morning,delivery,15.0,15.0,3,1,0
2682,Decatur,2026-05-27,morning,dine-in,5.0,5.0,3,1,0
2683,Decatur,2026-05-27,morning,take-out,15.0,15.0,3,1,0
2684,Decatur,2026-05-28,afternoon,delivery,13.0,4.33,6,3,0
2685,Decatur,2026-05-28,afternoon,dine-in,29.0,9.67,6,3,0
2686,Decatur,2026-05-28,afternoon,take-out,11.0,3.67,6,3,0
2687,Decatur,2026-05-28,evening,delivery,8.0,2.67,4,3,0
2688,Decatur,2026-05-28,evening,dine-in,19.0,6.33,4,3,0
2689,Decatur,2026-05-28,evening,take-out,26.0,8.67,4,3,0
2690,Decatur,2026-05-28,morning,delivery,5.0,2.5,3,2,0
2691,Decatur,2026-05-28,morning,dine-in,10.0,5.0,3,2,0
2692,Decatur,2026-05-28,morning,take-out,15.0,7.5,3,2,0
2693,Decatur,2026-05-29,afternoon,delivery,8.0,4.0,6,2,0
2694,Decatur,2026-05-29,afternoon,dine-in,11.0,5.5,6,2,0
2695,Decatur,2026-05-29,afternoon,take-out,37.0,18.5,6,2,0
2696,Decatur,2026-05-29,evening,delivery,7.0,3.5,4,2,0
2697,Decatur,2026-05-29,evening,dine-in,29.0,14.5,4,2,0
2698,Decatur,2026-05-29,evening,take-out,25.0,12.5,4,2,0
2699,Decatur,2026-05-29,morning,delivery,1.0,0.33,3,3,0
2700,Decatur,2026-05-29,morning,dine-in,11.0,3.67,3,3,0
2701,Decatur,2026-05-29,morning,take-out,30.0,10.0,3,3,0
2702,Decatur,2026-05-30,afternoon,delivery,18.0,6.0,7,3,0
2703,Decatur,2026-05-30,afternoon,dine-in,20.0,6.67,7,3,0
2704,Decatur,2026-05-30,afternoon,take-out,31.0,10.33,7,3,0
2705,Decatur,2026-05-30,evening,delivery,24.0,8.0,5,3,0
2706,Decatur,2026-05-30,evening,dine-in,12.0,4.0,5,3,0
2707,Decatur,2026-05-30,evening,take-out,23.0,7.67,5,3,0
2708,Decatur,2026-05-31,afternoon,delivery,25.0,6.25,7,4,0
2709,Decatur,2026-05-31,afternoon,dine-in,24.0,6.0,7,4,0
2710,Decatur,2026-05-31,afternoon,take-out,33.0,8.25,7,4,0
2711,Decatur,2026-05-31,evening,delivery,14.0,3.5,5,4,0
2712,Decatur,2026-05-31,evening,dine-in,18.0,4.5,5,4,0
2713,Decatur,2026-05-31,evening,take-out,20.0,5.0,5,4,0
2714,Decatur,2026-05-31,morning,delivery,3.0,1.5,3,2,0
2715,Decatur,2026-05-31,morning,dine-in,16.0,8.0,3,2,0
2716,Decatur,2026-05-31,morning,take-out,22.0,11.0,3,2,0
2717,Decatur,2026-06-01,afternoon,delivery,14.0,7.0,6,2,0
2718,Decatur,2026-06-01,afternoon,dine-in,13.0,6.5,6,2,0
2719,Decatur,2026-06-01,afternoon,take-out,39.0,19.5,6,2,0
2720,Decatur,2026-06-01,evening,delivery,14.0,4.67,4,3,0
2721,Decatur,2026-06-01,evening,dine-in,22.0,7.33,4,3,0
2722,Decatur,2026-06-01,evening,take-out,22.0,7.33,4,3,0
2723,Decatur,2026-06-02,afternoon,delivery,29.0,9.67,6,3,0
2724,Decatur,2026-06-02,afternoon,dine-in,18.0,6.0,6,3,0
2725,Decatur,2026-06-02,afternoon,take-out,32.0,10.67,6,3,0
2726,Decatur,2026-06-02,evening,delivery,7.0,2.33,4,3,0
2727,Decatur,2026-06-02,evening,dine-in,12.0,4.0,4,3,0
2728,Decatur,2026-06-02,evening,take-out,29.0,9.67,4,3,0
2729,Decatur,2026-06-02,morning,delivery,5.0,2.5,3,2,0
2730,Decatur,2026-06-02,morning,dine-in,11.0,5.5,3,2,0
2731,Decatur,2026-06-02,morning,take-out,21.0,10.5,3,2,0
2732,Decatur,2026-06-03,afternoon,delivery,24.0,8.0,6,3,0
2733,Decatur,2026-06-03,afternoon,dine-in,37.0,12.33,6,3,0
2734,Decatur,2026-06-03,afternoon,take-out,25.0,8.33,6,3,0
2735,Decatur,2026-06-03,evening,delivery,7.0,1.75,4,4,0
2736,Decatur,2026-06-03,evening,dine-in,8.0,2.0,4,4,0
2737,Decatur,2026-06-03,evening,take-out,22.0,5.5,4,4,0
2738,Decatur,2026-06-03,morning,delivery,9.0,4.5,3,2,0
2739,Decatur,2026-06-03,morning,dine-in,23.0,11.5,3,2,0
2740,Decatur,2026-06-03,morning,take-out,11.0,5.5,3,2,0
2741,Decatur,2026-06-04,afternoon,delivery,12.0,12.0,6,1,0
2742,Decatur,2026-06-04,afternoon,dine-in,11.0,11.0,6,1,0
2743,Decatur,2026-06-04,afternoon,take-out,35.0,35.0,6,1,0
2744,Decatur,2026-06-04,evening,delivery,12.0,6.0,4,2,0
2745,Decatur,2026-06-04,evening,dine-in,18.0,9.0,4,2,0
2746,Decatur,2026-06-04,evening,take-out,19.0,9.5,4,2,0
2747,Decatur,2026-06-04,morning,delivery,7.0,3.5,3,2,0
2748,Decatur,2026-06-04,morning,dine-in,6.0,3.0,3,2,0
2749,Decatur,2026-06-04,morning,take-out,16.0,8.0,3,2,0
2750,Decatur,2026-06-05,afternoon,delivery,12.0,2.4,6,5,0
2751,Decatur,2026-06-05,afternoon,dine-in,30.0,6.0,6,5,0
2752,Decatur,2026-06-05,afternoon,take-out,24.0,4.8,6,5,0
2753,Decatur,2026-06-05,evening,delivery,13.0,6.5,4,2,0
2754,Decatur,2026-06-05,evening,dine-in,13.0,6.5,4,2,0
2755,Decatur,2026-06-05,evening,take-out,25.0,12.5,4,2,0
2756,Decatur,2026-06-06,afternoon,delivery,17.0,8.5,7,2,0
2757,Decatur,2026-06-06,afternoon,dine-in,29.0,14.5,7,2,0
2758,Decatur,2026-06-06,afternoon,take-out,31.0,15.5,7,2,0
2759,Decatur,2026-06-06,evening,delivery,6.0,1.5,5,4,0
2760,Decatur,2026-06-06,evening,dine-in,28.0,7.0,5,4,0
2761,Decatur,2026-06-06,evening,take-out,37.0,9.25,5,4,0
2762,Decatur,2026-06-06,morning,delivery,16.0,16.0,3,1,0
2763,Decatur,2026-06-06,morning,dine-in,27.0,27.0,3,1,0
2764,Decatur,2026-06-06,morning,take-out,6.0,6.0,3,1,0
2765,Decatur,2026-06-07,afternoon,delivery,25.0,5.0,7,5,0
2766,Decatur,2026-06-07,afternoon,dine-in,28.0,5.6,7,5,0
2767,Decatur,2026-06-07,afternoon,take-out,24.0,4.8,7,5,0
2768,Decatur,2026-06-07,evening,delivery,2.0,0.67,5,3,0
2769,Decatur,2026-06-07,evening,dine-in,14.0,4.67,5,3,0
2770,Decatur,2026-06-07,evening,take-out,39.0,13.0,5,3,0
2771,Decatur,2026-06-07,morning,delivery,11.0,5.5,3,2,0
2772,Decatur,2026-06-07,morning,dine-in,16.0,8.0,3,2,0
2773,Decatur,2026-06-07,morning,take-out,19.0,9.5,3,2,0
2774,Decatur,2026-06-08,afternoon,delivery,10.0,2.5,6,4,0
2775,Decatur,2026-06-08,afternoon,dine-in,21.0,5.25,6,4,0
2776,Decatur,2026-06-08,afternoon,take-out,29.0,7.25,6,4,0
2777,Decatur,2026-06-08,evening,delivery,13.0,13.0,4,1,0
2778,Decatur,2026-06-08,evening,dine-in,25.0,25.0,4,1,0
2779,Decatur,2026-06-08,evening,take-out,19.0,19.0,4,1,0
2780,Decatur,2026-06-08,morning,delivery,12.0,6.0,3,2,0
2781,Decatur,2026-06-08,morning,dine-in,14.0,7.0,3,2,0
2782,Decatur,2026-06-08,morning,take-out,19.0,9.5,3,2,0
2783,Decatur,2026-06-09,afternoon,delivery,15.0,7.5,6,2,0
2784,Decatur,2026-06-09,afternoon,dine-in,33.0,16.5,6,2,0
2785,Decatur,2026-06-09,afternoon,take-out,16.0,8.0,6,2,0
2786,Decatur,2026-06-09,evening,delivery,7.0,3.5,4,2,0
2787,Decatur,2026-06-09,evening,dine-in,26.0,13.0,4,2,0
2788,Decatur,2026-06-09,evening,take-out,14.0,7.0,4,2,0
2789,Decatur,2026-06-09,morning,delivery,1.0,0.5,3,2,0
2790,Decatur,2026-06-09,morning,dine-in,11.0,5.5,3,2,0
2791,Decatur,2026-06-09,morning,take-out,21.0,10.5,3,2,0
2792,Decatur,2026-06-10,afternoon,delivery,18.0,4.5,6,4,0
2793,Decatur,2026-06-10,afternoon,dine-in,22.0,5.5,6,4,0
2794,Decatur,2026-06-10,afternoon,take-out,36.0,9.0,6,4,0
2795,Decatur,2026-06-10,evening,delivery,9.0,4.5,4,2,0
2796,Decatur,2026-06-10,evening,dine-in,23.0,11.5,4,2,0
2797,Decatur,2026-06-10,evening,take-out,21.0,10.5,4,2,0
2798,Decatur,2026-06-10,morning,delivery,2.0,1.0,3,2,0
2799,Decatur,2026-06-10,morning,dine-in,11.0,5.5,3,2,0
2800,Decatur,2026-06-10,morning,take-out,17.0,8.5,3,2,0
2801,Decatur,2026-06-11,afternoon,delivery,9.0,1.8,6,5,0
2802,Decatur,2026-06-11,afternoon,dine-in,30.0,6.0,6,5,0
2803,Decatur,2026-06-11,afternoon,take-out,24.0,4.8,6,5,0
2804,Decatur,2026-06-11,evening,delivery,8.0,2.67,4,3,0
2805,Decatur,2026-06-11,evening,dine-in,24.0,8.0,4,3,0
2806,Decatur,2026-06-11,evening,take-out,16.0,5.33,4,3,0
2807,Decatur,2026-06-11,morning,delivery,14.0,4.67,3,3,0
2808,Decatur,2026-06-11,morning,dine-in,4.0,1.33,3,3,0
2809,Decatur,2026-06-11,morning,take-out,21.0,7.0,3,3,0
2810,Decatur,2026-06-12,afternoon,delivery,10.0,5.0,6,2,0
2811,Decatur,2026-06-12,afternoon,dine-in,33.0,16.5,6,2,0
2812,Decatur,2026-06-12,afternoon,take-out,27.0,13.5,6,2,0
2813,Decatur,2026-06-12,evening,delivery,10.0,10.0,4,1,0
2814,Decatur,2026-06-12,evening,dine-in,24.0,24.0,4,1,0
2815,Decatur,2026-06-12,evening,take-out,19.0,19.0,4,1,0
2816,Decatur,2026-06-12,morning,delivery,10.0,5.0,3,2,0
2817,Decatur,2026-06-12,morning,dine-in,14.0,7.0,3,2,0
2818,Decatur,2026-06-12,morning,take-out,17.0,8.5,3,2,0
2819,Decatur,2026-06-13,afternoon,delivery,23.0,5.75,7,4,0
2820,Decatur,2026-06-13,afternoon,dine-in,38.0,9.5,7,4,0
2821,Decatur,2026-06-13,afternoon,take-out,32.0,8.0,7,4,0
2822,Decatur,2026-06-13,evening,delivery,5.0,2.5,5,2,0
2823,Decatur,2026-06-13,evening,dine-in,26.0,13.0,5,2,0
2824,Decatur,2026-06-13,evening,take-out,31.0,15.5,5,2,0
2825,Decatur,2026-06-13,morning,delivery,9.0,9.0,3,1,0
2826,Decatur,2026-06-13,morning,dine-in,14.0,14.0,3,1,0
2827,Decatur,2026-06-13,morning,take-out,21.0,21.0,3,1,0
2828,Decatur,2026-06-14,afternoon,delivery,37.0,7.4,7,5,0
2829,Decatur,2026-06-14,afternoon,dine-in,22.0,4.4,7,5,0
2830,Decatur,2026-06-14,afternoon,take-out,29.0,5.8,7,5,0
2831,Decatur,2026-06-14,evening,delivery,16.0,5.33,5,3,0
2832,Decatur,2026-06-14,evening,dine-in,11.0,3.67,5,3,0
2833,Decatur,2026-06-14,evening,take-out,37.0,12.33,5,3,0
2834,Decatur,2026-06-14,morning,delivery,9.0,9.0,3,1,0
2835,Decatur,2026-06-14,morning,dine-in,38.0,38.0,3,1,0
2836,Decatur,2026-06-14,morning,take-out,8.0,8.0,3,1,0
2837,Decatur,2026-06-15,afternoon,delivery,38.0,6.33,12,6,1
2838,Decatur,2026-06-15,afternoon,dine-in,54.0,9.0,12,6,1
2839,Decatur,2026-06-15,afternoon,take-out,63.0,10.5,12,6,1
2840,Decatur,2026-06-15,evening,delivery,10.0,2.0,9,5,1
2841,Decatur,2026-06-15,evening,dine-in,32.0,6.4,9,5,1
2842,Decatur,2026-06-15,evening,take-out,36.0,7.2,9,5,1
2843,Decatur,2026-06-15,morning,delivery,11.0,3.67,6,3,1
2844,Decatur,2026-06-15,morning,dine-in,23.0,7.67,6,3,1
2845,Decatur,2026-06-15,morning,take-out,36.0,12.0,6,3,1
2846,Decatur,2026-06-16,afternoon,delivery,18.0,9.0,6,2,0
2847,Decatur,2026-06-16,afternoon,dine-in,12.0,6.0,6,2,0
2848,Decatur,2026-06-16,afternoon,take-out,47.0,23.5,6,2,0
2849,Decatur,2026-06-16,evening,delivery,10.0,5.0,4,2,0
2850,Decatur,2026-06-16,evening,dine-in,27.0,13.5,4,2,0
2851,Decatur,2026-06-16,evening,take-out,22.0,11.0,4,2,0
2852,Decatur,2026-06-16,morning,delivery,9.0,4.5,3,2,0
2853,Decatur,2026-06-16,morning,dine-in,15.0,7.5,3,2,0
2854,Decatur,2026-06-16,morning,take-out,12.0,6.0,3,2,0
2855,Decatur,2026-06-17,afternoon,delivery,16.0,3.2,6,5,0
2856,Decatur,2026-06-17,afternoon,dine-in,35.0,7.0,6,5,0
2857,Decatur,2026-06-17,afternoon,take-out,35.0,7.0,6,5,0
2858,Decatur,2026-06-17,evening,delivery,4.0,4.0,4,1,0
2859,Decatur,2026-06-17,evening,dine-in,33.0,33.0,4,1,0
2860,Decatur,2026-06-17,evening,take-out,21.0,21.0,4,1,0
2861,Decatur,2026-06-17,morning,delivery,4.0,1.33,3,3,0
2862,Decatur,2026-06-17,morning,dine-in,11.0,3.67,3,3,0
2863,Decatur,2026-06-17,morning,take-out,14.0,4.67,3,3,0
2864,Decatur,2026-06-18,afternoon,delivery,29.0,4.14,12,7,1
2865,Decatur,2026-06-18,afternoon,dine-in,48.0,6.86,12,7,1
2866,Decatur,2026-06-18,afternoon,take-out,53.0,7.57,12,7,1
2867,Decatur,2026-06-18,evening,delivery,17.0,4.25,9,4,1
2868,Decatur,2026-06-18,evening,dine-in,33.0,8.25,9,4,1
2869,Decatur,2026-06-18,evening,take-out,28.0,7.0,9,4,1
2870,Decatur,2026-06-18,morning,delivery,16.0,2.67,6,6,1
2871,Decatur,2026-06-18,morning,dine-in,38.0,6.33,6,6,1
2872,Decatur,2026-06-18,morning,take-out,23.0,3.83,6,6,1
2873,Decatur,2026-06-19,afternoon,delivery,11.0,5.5,6,2,0
2874,Decatur,2026-06-19,afternoon,dine-in,21.0,10.5,6,2,0
2875,Decatur,2026-06-19,afternoon,take-out,17.0,8.5,6,2,0
2876,Decatur,2026-06-19,evening,delivery,10.0,3.33,4,3,0
2877,Decatur,2026-06-19,evening,dine-in,24.0,8.0,4,3,0
2878,Decatur,2026-06-19,evening,take-out,7.0,2.33,4,3,0
2879,Decatur,2026-06-19,morning,delivery,12.0,6.0,3,2,0
2880,Decatur,2026-06-19,morning,dine-in,9.0,4.5,3,2,0
2881,Decatur,2026-06-19,morning,take-out,16.0,8.0,3,2,0
2882,Decatur,2026-06-20,afternoon,delivery,13.0,3.25,7,4,0
2883,Decatur,2026-06-20,afternoon,dine-in,31.0,7.75,7,4,0
2884,Decatur,2026-06-20,afternoon,take-out,31.0,7.75,7,4,0
2885,Decatur,2026-06-20,evening,delivery,12.0,4.0,5,3,0
2886,Decatur,2026-06-20,evening,dine-in,23.0,7.67,5,3,0
2887,Decatur,2026-06-20,evening,take-out,23.0,7.67,5,3,0
2888,Decatur,2026-06-20,morning,delivery,15.0,15.0,3,1,0
2889,Decatur,2026-06-20,morning,dine-in,23.0,23.0,3,1,0
2890,Decatur,2026-06-20,morning,take-out,11.0,11.0,3,1,0
2891,Decatur,2026-06-21,afternoon,delivery,27.0,4.5,12,6,1
2892,Decatur,2026-06-21,afternoon,dine-in,104.0,17.33,12,6,1
2893,Decatur,2026-06-21,afternoon,take-out,60.0,10.0,12,6,1
2894,Decatur,2026-06-21,evening,delivery,21.0,4.2,9,5,1
2895,Decatur,2026-06-21,evening,dine-in,38.0,7.6,9,5,1
2896,Decatur,2026-06-21,evening,take-out,29.0,5.8,9,5,1
2897,Decatur,2026-06-21,morning,delivery,16.0,5.33,6,3,1
2898,Decatur,2026-06-21,morning,dine-in,27.0,9.0,6,3,1
2899,Decatur,2026-06-21,morning,take-out,49.0,16.33,6,3,1
2900,Decatur,2026-06-22,afternoon,delivery,9.0,2.25,6,4,0
2901,Decatur,2026-06-22,afternoon,dine-in,28.0,7.0,6,4,0
2902,Decatur,2026-06-22,afternoon,take-out,28.0,7.0,6,4,0
2903,Decatur,2026-06-22,evening,delivery,10.0,5.0,4,2,0
2904,Decatur,2026-06-22,evening,dine-in,33.0,16.5,4,2,0
2905,Decatur,2026-06-22,evening,take-out,15.0,7.5,4,2,0
2906,Decatur,2026-06-22,morning,delivery,8.0,4.0,3,2,0
2907,Decatur,2026-06-22,morning,dine-in,20.0,10.0,3,2,0
2908,Decatur,2026-06-22,morning,take-out,10.0,5.0,3,2,0
2909,Decatur,2026-06-23,afternoon,delivery,9.0,9.0,6,1,0
2910,Decatur,2026-06-23,afternoon,dine-in,21.0,21.0,6,1,0
2911,Decatur,2026-06-23,afternoon,take-out,26.0,26.0,6,1,0
2912,Decatur,2026-06-23,evening,delivery,8.0,2.67,4,3,0
2913,Decatur,2026-06-23,evening,dine-in,29.0,9.67,4,3,0
2914,Decatur,2026-06-23,evening,take-out,22.0,7.33,4,3,0
2915,Decatur,2026-06-23,morning,delivery,14.0,14.0,3,1,0
2916,Decatur,2026-06-23,morning,dine-in,11.0,11.0,3,1,0
2917,Decatur,2026-06-23,morning,take-out,9.0,9.0,3,1,0
2918,Decatur,2026-06-24,afternoon,delivery,30.0,6.0,12,5,1
2919,Decatur,2026-06-24,afternoon,dine-in,41.0,8.2,12,5,1
2920,Decatur,2026-06-24,afternoon,take-out,50.0,10.0,12,5,1
2921,Decatur,2026-06-24,evening,delivery,13.0,3.25,9,4,1
2922,Decatur,2026-06-24,evening,dine-in,48.0,12.0,9,4,1
2923,Decatur,2026-06-24,evening,take-out,60.0,15.0,9,4,1
2924,Decatur,2026-06-24,morning,delivery,18.0,6.0,6,3,1
2925,Decatur,2026-06-24,morning,dine-in,21.0,7.0,6,3,1
2926,Decatur,2026-06-24,morning,take-out,21.0,7.0,6,3,1
2927,Decatur,2026-06-25,afternoon,delivery,11.0,3.67,6,3,0
2928,Decatur,2026-06-25,afternoon,dine-in,15.0,5.0,6,3,0
2929,Decatur,2026-06-25,afternoon,take-out,33.0,11.0,6,3,0
2930,Decatur,2026-06-25,evening,delivery,9.0,3.0,4,3,0
2931,Decatur,2026-06-25,evening,dine-in,20.0,6.67,4,3,0
2932,Decatur,2026-06-25,evening,take-out,17.0,5.67,4,3,0
2933,Decatur,2026-06-25,morning,delivery,12.0,6.0,3,2,0
2934,Decatur,2026-06-25,morning,dine-in,16.0,8.0,3,2,0
2935,Decatur,2026-06-25,morning,take-out,9.0,4.5,3,2,0
2936,Decatur,2026-06-26,afternoon,delivery,10.0,2.5,6,4,0
2937,Decatur,2026-06-26,afternoon,dine-in,30.0,7.5,6,4,0
2938,Decatur,2026-06-26,afternoon,take-out,21.0,5.25,6,4,0
2939,Decatur,2026-06-26,evening,delivery,9.0,3.0,4,3,0
2940,Decatur,2026-06-26,evening,dine-in,14.0,4.67,4,3,0
2941,Decatur,2026-06-26,evening,take-out,34.0,11.33,4,3,0
2942,Decatur,2026-06-26,morning,delivery,6.0,3.0,3,2,0
2943,Decatur,2026-06-26,morning,dine-in,10.0,5.0,3,2,0
2944,Decatur,2026-06-26,morning,take-out,16.0,8.0,3,2,0
2945,Decatur,2026-06-27,afternoon,delivery,48.0,9.6,12,5,1
2946,Decatur,2026-06-27,afternoon,dine-in,77.0,15.4,12,5,1
2947,Decatur,2026-06-27,afternoon,take-out,47.0,9.4,12,5,1
2948,Decatur,2026-06-27,evening,delivery,22.0,5.5,9,4,1
2949,Decatur,2026-06-27,evening,dine-in,83.0,20.75,9,4,1
2950,Decatur,2026-06-27,evening,take-out,55.0,13.75,9,4,1
2951,Decatur,2026-06-27,morning,delivery,14.0,4.67,6,3,1
2952,Decatur,2026-06-27,morning,dine-in,17.0,5.67,6,3,1
2953,Decatur,2026-06-27,morning,take-out,35.0,11.67,6,3,1
2954,Decatur,2026-06-28,afternoon,delivery,11.0,2.2,7,5,0
2955,Decatur,2026-06-28,afternoon,dine-in,35.0,7.0,7,5,0
2956,Decatur,2026-06-28,afternoon,take-out,41.0,8.2,7,5,0
2957,Decatur,2026-06-28,evening,delivery,6.0,2.0,5,3,0
2958,Decatur,2026-06-28,evening,dine-in,20.0,6.67,5,3,0
2959,Decatur,2026-06-28,evening,take-out,26.0,8.67,5,3,0
2960,Decatur,2026-06-28,morning,delivery,6.0,6.0,3,1,0
2961,Decatur,2026-06-28,morning,dine-in,19.0,19.0,3,1,0
2962,Decatur,2026-06-28,morning,take-out,15.0,15.0,3,1,0
2963,Decatur,2026-06-29,afternoon,delivery,19.0,6.33,6,3,0
2964,Decatur,2026-06-29,afternoon,dine-in,30.0,10.0,6,3,0
2965,Decatur,2026-06-29,afternoon,take-out,11.0,3.67,6,3,0
2966,Decatur,2026-06-29,evening,delivery,8.0,4.0,4,2,0
2967,Decatur,2026-06-29,evening,dine-in,32.0,16.0,4,2,0
2968,Decatur,2026-06-29,evening,take-out,18.0,9.0,4,2,0
2969,Decatur,2026-06-29,morning,delivery,8.0,4.0,3,2,0
2970,Decatur,2026-06-29,morning,dine-in,18.0,9.0,3,2,0
2971,Decatur,2026-06-29,morning,take-out,12.0,6.0,3,2,0
2972,Decatur,2026-06-30,afternoon,delivery,17.0,17.0,6,1,0
2973,Decatur,2026-06-30,afternoon,dine-in,28.0,28.0,6,1,0
2974,Decatur,2026-06-30,afternoon,take-out,24.0,24.0,6,1,0
2975,Decatur,2026-06-30,evening,delivery,8.0,4.0,4,2,0
2976,Decatur,2026-06-30,evening,dine-in,31.0,15.5,4,2,0
2977,Decatur,2026-06-30,evening,take-out,32.0,16.0,4,2,0
2978,Decatur,2026-06-30,morning,delivery,5.0,2.5,3,2,0
2979,Decatur,2026-06-30,morning,dine-in,7.0,3.5,3,2,0
2980,Decatur,2026-06-30,morning,take-out,23.0,11.5,3,2,0
2981,Downtown,2026-01-01,afternoon,delivery,18.0,6.0,5,3,0
2982,Downtown,2026-01-01,afternoon,dine-in,33.0,11.0,5,3,0
2983,Downtown,2026-01-01,afternoon,take-out,50.0,16.67,5,3,0
2984,Downtown,2026-01-01,evening,delivery,18.0,18.0,4,1,0
2985,Downtown,2026-01-01,evening,dine-in,34.0,34.0,4,1,0
2986,Downtown,2026-01-01,evening,take-out,38.0,38.0,4,1,0
2987,Downtown,2026-01-01,morning,delivery,4.0,4.0,3,1,0
2988,Downtown,2026-01-01,morning,dine-in,28.0,28.0,3,1,0
2989,Downtown,2026-01-01,morning,take-out,25.0,25.0,3,1,0
2990,Downtown,2026-01-02,afternoon,delivery,13.0,3.25,5,4,0
2991,Downtown,2026-01-02,afternoon,dine-in,29.0,7.25,5,4,0
2992,Downtown,2026-01-02,afternoon,take-out,72.0,18.0,5,4,0
2993,Downtown,2026-01-02,evening,delivery,12.0,4.0,4,3,0
2994,Downtown,2026-01-02,evening,dine-in,31.0,10.33,4,3,0
2995,Downtown,2026-01-02,evening,take-out,28.0,9.33,4,3,0
2996,Downtown,2026-01-02,morning,delivery,11.0,5.5,3,2,0
2997,Downtown,2026-01-02,morning,dine-in,32.0,16.0,3,2,0
2998,Downtown,2026-01-02,morning,take-out,18.0,9.0,3,2,0
2999,Downtown,2026-01-03,afternoon,delivery,17.0,3.4,6,5,0
3000,Downtown,2026-01-03,afternoon,dine-in,61.0,12.2,6,5,0
3001,Downtown,2026-01-03,afternoon,take-out,47.0,9.4,6,5,0
3002,Downtown,2026-01-03,evening,delivery,33.0,8.25,5,4,0
3003,Downtown,2026-01-03,evening,dine-in,28.0,7.0,5,4,0
3004,Downtown,2026-01-03,evening,take-out,21.0,5.25,5,4,0
3005,Downtown,2026-01-03,morning,delivery,10.0,5.0,4,2,0
3006,Downtown,2026-01-03,morning,dine-in,27.0,13.5,4,2,0
3007,Downtown,2026-01-03,morning,take-out,37.0,18.5,4,2,0
3008,Downtown,2026-01-04,afternoon,delivery,19.0,3.8,6,5,0
3009,Downtown,2026-01-04,afternoon,dine-in,47.0,9.4,6,5,0
3010,Downtown,2026-01-04,afternoon,take-out,48.0,9.6,6,5,0
3011,Downtown,2026-01-04,evening,delivery,13.0,6.5,5,2,0
3012,Downtown,2026-01-04,evening,dine-in,41.0,20.5,5,2,0
3013,Downtown,2026-01-04,evening,take-out,36.0,18.0,5,2,0
3014,Downtown,2026-01-04,morning,delivery,15.0,5.0,4,3,0
3015,Downtown,2026-01-04,morning,dine-in,21.0,7.0,4,3,0
3016,Downtown,2026-01-04,morning,take-out,35.0,11.67,4,3,0
3017,Downtown,2026-01-05,afternoon,delivery,20.0,10.0,5,2,0
3018,Downtown,2026-01-05,afternoon,dine-in,43.0,21.5,5,2,0
3019,Downtown,2026-01-05,afternoon,take-out,30.0,15.0,5,2,0
3020,Downtown,2026-01-05,evening,delivery,9.0,3.0,4,3,0
3021,Downtown,2026-01-05,evening,dine-in,30.0,10.0,4,3,0
3022,Downtown,2026-01-05,evening,take-out,23.0,7.67,4,3,0
3023,Downtown,2026-01-05,morning,delivery,7.0,3.5,3,2,0
3024,Downtown,2026-01-05,morning,dine-in,26.0,13.0,3,2,0
3025,Downtown,2026-01-05,morning,take-out,35.0,17.5,3,2,0
3026,Downtown,2026-01-06,afternoon,delivery,15.0,5.0,5,3,0
3027,Downtown,2026-01-06,afternoon,dine-in,42.0,14.0,5,3,0
3028,Downtown,2026-01-06,afternoon,take-out,35.0,11.67,5,3,0
3029,Downtown,2026-01-06,evening,delivery,16.0,16.0,4,1,0
3030,Downtown,2026-01-06,evening,dine-in,35.0,35.0,4,1,0
3031,Downtown,2026-01-06,evening,take-out,34.0,34.0,4,1,0
3032,Downtown,2026-01-06,morning,delivery,12.0,12.0,3,1,0
3033,Downtown,2026-01-06,morning,dine-in,23.0,23.0,3,1,0
3034,Downtown,2026-01-06,morning,take-out,20.0,20.0,3,1,0
3035,Downtown,2026-01-07,afternoon,delivery,15.0,7.5,5,2,0
3036,Downtown,2026-01-07,afternoon,dine-in,34.0,17.0,5,2,0
3037,Downtown,2026-01-07,afternoon,take-out,42.0,21.0,5,2,0
3038,Downtown,2026-01-07,evening,delivery,15.0,15.0,4,1,0
3039,Downtown,2026-01-07,evening,dine-in,30.0,30.0,4,1,0
3040,Downtown,2026-01-07,evening,take-out,37.0,37.0,4,1,0
3041,Downtown,2026-01-07,morning,delivery,8.0,4.0,3,2,0
3042,Downtown,2026-01-07,morning,dine-in,30.0,15.0,3,2,0
3043,Downtown,2026-01-07,morning,take-out,29.0,14.5,3,2,0
3044,Downtown,2026-01-08,afternoon,delivery,39.0,13.0,5,3,0
3045,Downtown,2026-01-08,afternoon,dine-in,38.0,12.67,5,3,0
3046,Downtown,2026-01-08,afternoon,take-out,27.0,9.0,5,3,0
3047,Downtown,2026-01-08,evening,delivery,14.0,7.0,4,2,0
3048,Downtown,2026-01-08,evening,dine-in,38.0,19.0,4,2,0
3049,Downtown,2026-01-08,evening,take-out,38.0,19.0,4,2,0
3050,Downtown,2026-01-08,morning,delivery,11.0,3.67,3,3,0
3051,Downtown,2026-01-08,morning,dine-in,23.0,7.67,3,3,0
3052,Downtown,2026-01-08,morning,take-out,27.0,9.0,3,3,0
3053,Downtown,2026-01-09,afternoon,delivery,40.0,40.0,5,1,0
3054,Downtown,2026-01-09,afternoon,dine-in,22.0,22.0,5,1,0
3055,Downtown,2026-01-09,afternoon,take-out,51.0,51.0,5,1,0
3056,Downtown,2026-01-09,evening,delivery,17.0,5.67,4,3,0
3057,Downtown,2026-01-09,evening,dine-in,30.0,10.0,4,3,0
3058,Downtown,2026-01-09,evening,take-out,49.0,16.33,4,3,0
3059,Downtown,2026-01-09,morning,delivery,5.0,2.5,3,2,0
3060,Downtown,2026-01-09,morning,dine-in,23.0,11.5,3,2,0
3061,Downtown,2026-01-09,morning,take-out,35.0,17.5,3,2,0
3062,Downtown,2026-01-10,afternoon,delivery,20.0,5.0,6,4,0
3063,Downtown,2026-01-10,afternoon,dine-in,46.0,11.5,6,4,0
3064,Downtown,2026-01-10,afternoon,take-out,45.0,11.25,6,4,0
3065,Downtown,2026-01-10,evening,delivery,18.0,9.0,5,2,0
3066,Downtown,2026-01-10,evening,dine-in,44.0,22.0,5,2,0
3067,Downtown,2026-01-10,evening,take-out,53.0,26.5,5,2,0
3068,Downtown,2026-01-10,morning,delivery,8.0,4.0,4,2,0
3069,Downtown,2026-01-10,morning,dine-in,34.0,17.0,4,2,0
3070,Downtown,2026-01-10,morning,take-out,25.0,12.5,4,2,0
3071,Downtown,2026-01-11,afternoon,delivery,32.0,8.0,6,4,0
3072,Downtown,2026-01-11,afternoon,dine-in,46.0,11.5,6,4,0
3073,Downtown,2026-01-11,afternoon,take-out,51.0,12.75,6,4,0
3074,Downtown,2026-01-11,evening,delivery,28.0,7.0,5,4,0
3075,Downtown,2026-01-11,evening,dine-in,32.0,8.0,5,4,0
3076,Downtown,2026-01-11,evening,take-out,55.0,13.75,5,4,0
3077,Downtown,2026-01-11,morning,dine-in,34.0,11.33,4,3,0
3078,Downtown,2026-01-11,morning,take-out,33.0,11.0,4,3,0
3079,Downtown,2026-01-12,afternoon,delivery,45.0,15.0,5,3,0
3080,Downtown,2026-01-12,afternoon,dine-in,36.0,12.0,5,3,0
3081,Downtown,2026-01-12,afternoon,take-out,33.0,11.0,5,3,0
3082,Downtown,2026-01-12,evening,delivery,13.0,13.0,4,1,0
3083,Downtown,2026-01-12,evening,dine-in,15.0,15.0,4,1,0
3084,Downtown,2026-01-12,evening,take-out,38.0,38.0,4,1,0
3085,Downtown,2026-01-12,morning,delivery,6.0,6.0,3,1,0
3086,Downtown,2026-01-12,morning,dine-in,40.0,40.0,3,1,0
3087,Downtown,2026-01-12,morning,take-out,30.0,30.0,3,1,0
3088,Downtown,2026-01-13,afternoon,delivery,17.0,4.25,5,4,0
3089,Downtown,2026-01-13,afternoon,dine-in,45.0,11.25,5,4,0
3090,Downtown,2026-01-13,afternoon,take-out,27.0,6.75,5,4,0
3091,Downtown,2026-01-13,evening,delivery,12.0,6.0,4,2,0
3092,Downtown,2026-01-13,evening,dine-in,28.0,14.0,4,2,0
3093,Downtown,2026-01-13,evening,take-out,26.0,13.0,4,2,0
3094,Downtown,2026-01-13,morning,delivery,9.0,4.5,3,2,0
3095,Downtown,2026-01-13,morning,dine-in,27.0,13.5,3,2,0
3096,Downtown,2026-01-13,morning,take-out,23.0,11.5,3,2,0
3097,Downtown,2026-01-14,afternoon,delivery,16.0,16.0,5,1,0
3098,Downtown,2026-01-14,afternoon,dine-in,32.0,32.0,5,1,0
3099,Downtown,2026-01-14,afternoon,take-out,61.0,61.0,5,1,0
3100,Downtown,2026-01-14,evening,delivery,10.0,5.0,4,2,0
3101,Downtown,2026-01-14,evening,dine-in,41.0,20.5,4,2,0
3102,Downtown,2026-01-14,evening,take-out,21.0,10.5,4,2,0
3103,Downtown,2026-01-14,morning,delivery,14.0,7.0,3,2,0
3104,Downtown,2026-01-14,morning,dine-in,26.0,13.0,3,2,0
3105,Downtown,2026-01-14,morning,take-out,14.0,7.0,3,2,0
3106,Downtown,2026-01-15,afternoon,delivery,15.0,15.0,5,1,0
3107,Downtown,2026-01-15,afternoon,dine-in,25.0,25.0,5,1,0
3108,Downtown,2026-01-15,afternoon,take-out,62.0,62.0,5,1,0
3109,Downtown,2026-01-15,evening,delivery,9.0,4.5,4,2,0
3110,Downtown,2026-01-15,evening,dine-in,45.0,22.5,4,2,0
3111,Downtown,2026-01-15,evening,take-out,29.0,14.5,4,2,0
3112,Downtown,2026-01-15,morning,delivery,10.0,10.0,3,1,0
3113,Downtown,2026-01-15,morning,dine-in,26.0,26.0,3,1,0
3114,Downtown,2026-01-15,morning,take-out,14.0,14.0,3,1,0
3115,Downtown,2026-01-16,afternoon,delivery,19.0,9.5,5,2,0
3116,Downtown,2026-01-16,afternoon,dine-in,30.0,15.0,5,2,0
3117,Downtown,2026-01-16,afternoon,take-out,35.0,17.5,5,2,0
3118,Downtown,2026-01-16,evening,delivery,21.0,7.0,4,3,0
3119,Downtown,2026-01-16,evening,dine-in,35.0,11.67,4,3,0
3120,Downtown,2026-01-16,evening,take-out,27.0,9.0,4,3,0
3121,Downtown,2026-01-16,morning,delivery,22.0,11.0,3,2,0
3122,Downtown,2026-01-16,morning,dine-in,20.0,10.0,3,2,0
3123,Downtown,2026-01-16,morning,take-out,27.0,13.5,3,2,0
3124,Downtown,2026-01-17,afternoon,delivery,17.0,5.67,6,3,0
3125,Downtown,2026-01-17,afternoon,dine-in,47.0,15.67,6,3,0
3126,Downtown,2026-01-17,afternoon,take-out,37.0,12.33,6,3,0
3127,Downtown,2026-01-17,evening,delivery,29.0,9.67,5,3,0
3128,Downtown,2026-01-17,evening,dine-in,41.0,13.67,5,3,0
3129,Downtown,2026-01-17,evening,take-out,40.0,13.33,5,3,0
3130,Downtown,2026-01-17,morning,delivery,18.0,6.0,4,3,0
3131,Downtown,2026-01-17,morning,dine-in,25.0,8.33,4,3,0
3132,Downtown,2026-01-17,morning,take-out,32.0,10.67,4,3,0
3133,Downtown,2026-01-18,afternoon,delivery,19.0,6.33,6,3,0
3134,Downtown,2026-01-18,afternoon,dine-in,55.0,18.33,6,3,0
3135,Downtown,2026-01-18,afternoon,take-out,40.0,13.33,6,3,0
3136,Downtown,2026-01-18,evening,delivery,17.0,8.5,5,2,0
3137,Downtown,2026-01-18,evening,dine-in,49.0,24.5,5,2,0
3138,Downtown,2026-01-18,evening,take-out,49.0,24.5,5,2,0
3139,Downtown,2026-01-18,morning,delivery,19.0,19.0,4,1,0
3140,Downtown,2026-01-18,morning,dine-in,36.0,36.0,4,1,0
3141,Downtown,2026-01-18,morning,take-out,13.0,13.0,4,1,0
3142,Downtown,2026-01-19,afternoon,delivery,12.0,6.0,5,2,0
3143,Downtown,2026-01-19,afternoon,dine-in,39.0,19.5,5,2,0
3144,Downtown,2026-01-19,afternoon,take-out,32.0,16.0,5,2,0
3145,Downtown,2026-01-19,evening,delivery,16.0,8.0,4,2,0
3146,Downtown,2026-01-19,evening,dine-in,32.0,16.0,4,2,0
3147,Downtown,2026-01-19,evening,take-out,40.0,20.0,4,2,0
3148,Downtown,2026-01-19,morning,delivery,7.0,3.5,3,2,0
3149,Downtown,2026-01-19,morning,dine-in,19.0,9.5,3,2,0
3150,Downtown,2026-01-19,morning,take-out,30.0,15.0,3,2,0
3151,Downtown,2026-01-20,afternoon,delivery,13.0,6.5,5,2,0
3152,Downtown,2026-01-20,afternoon,dine-in,23.0,11.5,5,2,0
3153,Downtown,2026-01-20,afternoon,take-out,51.0,25.5,5,2,0
3154,Downtown,2026-01-20,evening,delivery,18.0,9.0,4,2,0
3155,Downtown,2026-01-20,evening,dine-in,34.0,17.0,4,2,0
3156,Downtown,2026-01-20,evening,take-out,35.0,17.5,4,2,0
3157,Downtown,2026-01-20,morning,delivery,15.0,7.5,3,2,0
3158,Downtown,2026-01-20,morning,dine-in,26.0,13.0,3,2,0
3159,Downtown,2026-01-20,morning,take-out,19.0,9.5,3,2,0
3160,Downtown,2026-01-21,afternoon,delivery,26.0,8.67,5,3,0
3161,Downtown,2026-01-21,afternoon,dine-in,35.0,11.67,5,3,0
3162,Downtown,2026-01-21,afternoon,take-out,61.0,20.33,5,3,0
3163,Downtown,2026-01-21,evening,delivery,19.0,19.0,4,1,0
3164,Downtown,2026-01-21,evening,dine-in,20.0,20.0,4,1,0
3165,Downtown,2026-01-21,evening,take-out,40.0,40.0,4,1,0
3166,Downtown,2026-01-21,morning,delivery,17.0,8.5,3,2,0
3167,Downtown,2026-01-21,morning,dine-in,32.0,16.0,3,2,0
3168,Downtown,2026-01-21,morning,take-out,17.0,8.5,3,2,0
3169,Downtown,2026-01-22,afternoon,delivery,21.0,10.5,5,2,0
3170,Downtown,2026-01-22,afternoon,dine-in,33.0,16.5,5,2,0
3171,Downtown,2026-01-22,afternoon,take-out,36.0,18.0,5,2,0
3172,Downtown,2026-01-22,evening,delivery,15.0,15.0,4,1,0
3173,Downtown,2026-01-22,evening,dine-in,27.0,27.0,4,1,0
3174,Downtown,2026-01-22,evening,take-out,36.0,36.0,4,1,0
3175,Downtown,2026-01-22,morning,delivery,4.0,2.0,3,2,0
3176,Downtown,2026-01-22,morning,dine-in,28.0,14.0,3,2,0
3177,Downtown,2026-01-22,morning,take-out,22.0,11.0,3,2,0
3178,Downtown,2026-01-23,afternoon,delivery,8.0,4.0,5,2,0
3179,Downtown,2026-01-23,afternoon,dine-in,40.0,20.0,5,2,0
3180,Downtown,2026-01-23,afternoon,take-out,42.0,21.0,5,2,0
3181,Downtown,2026-01-23,evening,delivery,10.0,2.5,4,4,0
3182,Downtown,2026-01-23,evening,dine-in,29.0,7.25,4,4,0
3183,Downtown,2026-01-23,evening,take-out,35.0,8.75,4,4,0
3184,Downtown,2026-01-23,morning,delivery,6.0,3.0,3,2,0
3185,Downtown,2026-01-23,morning,dine-in,16.0,8.0,3,2,0
3186,Downtown,2026-01-23,morning,take-out,26.0,13.0,3,2,0
3187,Downtown,2026-01-24,afternoon,delivery,26.0,6.5,6,4,0
3188,Downtown,2026-01-24,afternoon,dine-in,42.0,10.5,6,4,0
3189,Downtown,2026-01-24,afternoon,take-out,43.0,10.75,6,4,0
3190,Downtown,2026-01-24,evening,delivery,17.0,5.67,5,3,0
3191,Downtown,2026-01-24,evening,dine-in,57.0,19.0,5,3,0
3192,Downtown,2026-01-24,evening,take-out,34.0,11.33,5,3,0
3193,Downtown,2026-01-24,morning,delivery,19.0,4.75,4,4,0
3194,Downtown,2026-01-24,morning,dine-in,29.0,7.25,4,4,0
3195,Downtown,2026-01-24,morning,take-out,22.0,5.5,4,4,0
3196,Downtown,2026-01-25,afternoon,delivery,15.0,7.5,6,2,0
3197,Downtown,2026-01-25,afternoon,dine-in,34.0,17.0,6,2,0
3198,Downtown,2026-01-25,afternoon,take-out,63.0,31.5,6,2,0
3199,Downtown,2026-01-25,evening,delivery,22.0,5.5,5,4,0
3200,Downtown,2026-01-25,evening,dine-in,45.0,11.25,5,4,0
3201,Downtown,2026-01-25,evening,take-out,42.0,10.5,5,4,0
3202,Downtown,2026-01-25,morning,delivery,20.0,10.0,4,2,0
3203,Downtown,2026-01-25,morning,dine-in,35.0,17.5,4,2,0
3204,Downtown,2026-01-25,morning,take-out,19.0,9.5,4,2,0
3205,Downtown,2026-01-26,afternoon,delivery,20.0,5.0,5,4,0
3206,Downtown,2026-01-26,afternoon,dine-in,30.0,7.5,5,4,0
3207,Downtown,2026-01-26,afternoon,take-out,60.0,15.0,5,4,0
3208,Downtown,2026-01-26,evening,delivery,12.0,4.0,4,3,0
3209,Downtown,2026-01-26,evening,dine-in,41.0,13.67,4,3,0
3210,Downtown,2026-01-26,evening,take-out,23.0,7.67,4,3,0
3211,Downtown,2026-01-26,morning,delivery,17.0,5.67,3,3,0
3212,Downtown,2026-01-26,morning,dine-in,31.0,10.33,3,3,0
3213,Downtown,2026-01-26,morning,take-out,26.0,8.67,3,3,0
3214,Downtown,2026-01-27,afternoon,delivery,10.0,5.0,5,2,0
3215,Downtown,2026-01-27,afternoon,dine-in,33.0,16.5,5,2,0
3216,Downtown,2026-01-27,afternoon,take-out,49.0,24.5,5,2,0
3217,Downtown,2026-01-27,morning,delivery,20.0,20.0,3,1,0
3218,Downtown,2026-01-27,morning,dine-in,36.0,36.0,3,1,0
3219,Downtown,2026-01-27,morning,take-out,7.0,7.0,3,1,0
3220,Downtown,2026-01-28,afternoon,delivery,15.0,7.5,5,2,0
3221,Downtown,2026-01-28,afternoon,dine-in,45.0,22.5,5,2,0
3222,Downtown,2026-01-28,afternoon,take-out,29.0,14.5,5,2,0
3223,Downtown,2026-01-28,evening,delivery,14.0,4.67,4,3,0
3224,Downtown,2026-01-28,evening,dine-in,24.0,8.0,4,3,0
3225,Downtown,2026-01-28,evening,take-out,26.0,8.67,4,3,0
3226,Downtown,2026-01-28,morning,delivery,16.0,8.0,3,2,0
3227,Downtown,2026-01-28,morning,dine-in,9.0,4.5,3,2,0
3228,Downtown,2026-01-28,morning,take-out,26.0,13.0,3,2,0
3229,Downtown,2026-01-29,afternoon,delivery,5.0,5.0,5,1,0
3230,Downtown,2026-01-29,afternoon,dine-in,39.0,39.0,5,1,0
3231,Downtown,2026-01-29,afternoon,take-out,54.0,54.0,5,1,0
3232,Downtown,2026-01-29,evening,delivery,23.0,11.5,4,2,0
3233,Downtown,2026-01-29,evening,dine-in,30.0,15.0,4,2,0
3234,Downtown,2026-01-29,evening,take-out,22.0,11.0,4,2,0
3235,Downtown,2026-01-29,morning,delivery,3.0,1.0,3,3,0
3236,Downtown,2026-01-29,morning,dine-in,28.0,9.33,3,3,0
3237,Downtown,2026-01-29,morning,take-out,28.0,9.33,3,3,0
3238,Downtown,2026-01-30,afternoon,delivery,16.0,5.33,5,3,0
3239,Downtown,2026-01-30,afternoon,dine-in,43.0,14.33,5,3,0
3240,Downtown,2026-01-30,afternoon,take-out,47.0,15.67,5,3,0
3241,Downtown,2026-01-30,evening,delivery,17.0,5.67,4,3,0
3242,Downtown,2026-01-30,evening,dine-in,27.0,9.0,4,3,0
3243,Downtown,2026-01-30,evening,take-out,34.0,11.33,4,3,0
3244,Downtown,2026-01-30,morning,delivery,14.0,14.0,3,1,0
3245,Downtown,2026-01-30,morning,dine-in,23.0,23.0,3,1,0
3246,Downtown,2026-01-30,morning,take-out,27.0,27.0,3,1,0
3247,Downtown,2026-01-31,afternoon,delivery,27.0,9.0,6,3,0
3248,Downtown,2026-01-31,afternoon,dine-in,62.0,20.67,6,3,0
3249,Downtown,2026-01-31,afternoon,take-out,47.0,15.67,6,3,0
3250,Downtown,2026-01-31,evening,delivery,21.0,7.0,5,3,0
3251,Downtown,2026-01-31,evening,dine-in,49.0,16.33,5,3,0
3252,Downtown,2026-01-31,evening,take-out,35.0,11.67,5,3,0
3253,Downtown,2026-01-31,morning,delivery,2.0,1.0,4,2,0
3254,Downtown,2026-01-31,morning,dine-in,29.0,14.5,4,2,0
3255,Downtown,2026-01-31,morning,take-out,16.0,8.0,4,2,0
3256,Downtown,2026-02-01,afternoon,delivery,26.0,6.5,6,4,0
3257,Downtown,2026-02-01,afternoon,dine-in,57.0,14.25,6,4,0
3258,Downtown,2026-02-01,afternoon,take-out,53.0,13.25,6,4,0
3259,Downtown,2026-02-01,evening,delivery,29.0,9.67,5,3,0
3260,Downtown,2026-02-01,evening,dine-in,46.0,15.33,5,3,0
3261,Downtown,2026-02-01,evening,take-out,24.0,8.0,5,3,0
3262,Downtown,2026-02-01,morning,delivery,11.0,5.5,4,2,0
3263,Downtown,2026-02-01,morning,dine-in,31.0,15.5,4,2,0
3264,Downtown,2026-02-01,morning,take-out,15.0,7.5,4,2,0
3265,Downtown,2026-02-02,afternoon,delivery,26.0,8.67,5,3,0
3266,Downtown,2026-02-02,afternoon,dine-in,33.0,11.0,5,3,0
3267,Downtown,2026-02-02,afternoon,take-out,44.0,14.67,5,3,0
3268,Downtown,2026-02-02,evening,delivery,22.0,11.0,4,2,0
3269,Downtown,2026-02-02,evening,dine-in,48.0,24.0,4,2,0
3270,Downtown,2026-02-02,evening,take-out,29.0,14.5,4,2,0
3271,Downtown,2026-02-02,morning,delivery,8.0,2.67,3,3,0
3272,Downtown,2026-02-02,morning,dine-in,18.0,6.0,3,3,0
3273,Downtown,2026-02-02,morning,take-out,41.0,13.67,3,3,0
3274,Downtown,2026-02-03,afternoon,delivery,17.0,8.5,5,2,0
3275,Downtown,2026-02-03,afternoon,dine-in,38.0,19.0,5,2,0
3276,Downtown,2026-02-03,afternoon,take-out,37.0,18.5,5,2,0
3277,Downtown,2026-02-03,evening,delivery,11.0,5.5,4,2,0
3278,Downtown,2026-02-03,evening,dine-in,38.0,19.0,4,2,0
3279,Downtown,2026-02-03,evening,take-out,34.0,17.0,4,2,0
3280,Downtown,2026-02-03,morning,delivery,5.0,2.5,3,2,0
3281,Downtown,2026-02-03,morning,dine-in,22.0,11.0,3,2,0
3282,Downtown,2026-02-03,morning,take-out,30.0,15.0,3,2,0
3283,Downtown,2026-02-04,afternoon,delivery,22.0,7.33,5,3,0
3284,Downtown,2026-02-04,afternoon,dine-in,31.0,10.33,5,3,0
3285,Downtown,2026-02-04,afternoon,take-out,41.0,13.67,5,3,0
3286,Downtown,2026-02-04,evening,delivery,22.0,11.0,4,2,0
3287,Downtown,2026-02-04,evening,dine-in,21.0,10.5,4,2,0
3288,Downtown,2026-02-04,evening,take-out,28.0,14.0,4,2,0
3289,Downtown,2026-02-04,morning,delivery,2.0,1.0,3,2,0
3290,Downtown,2026-02-04,morning,dine-in,17.0,8.5,3,2,0
3291,Downtown,2026-02-04,morning,take-out,33.0,16.5,3,2,0
3292,Downtown,2026-02-05,afternoon,delivery,21.0,21.0,5,1,0
3293,Downtown,2026-02-05,afternoon,dine-in,25.0,25.0,5,1,0
3294,Downtown,2026-02-05,afternoon,take-out,59.0,59.0,5,1,0
3295,Downtown,2026-02-05,evening,delivery,11.0,3.67,4,3,0
3296,Downtown,2026-02-05,evening,dine-in,35.0,11.67,4,3,0
3297,Downtown,2026-02-05,evening,take-out,15.0,5.0,4,3,0
3298,Downtown,2026-02-05,morning,delivery,5.0,5.0,3,1,0
3299,Downtown,2026-02-05,morning,dine-in,23.0,23.0,3,1,0
3300,Downtown,2026-02-05,morning,take-out,30.0,30.0,3,1,0
3301,Downtown,2026-02-06,afternoon,delivery,8.0,2.67,5,3,0
3302,Downtown,2026-02-06,afternoon,dine-in,29.0,9.67,5,3,0
3303,Downtown,2026-02-06,afternoon,take-out,61.0,20.33,5,3,0
3304,Downtown,2026-02-06,evening,delivery,17.0,17.0,4,1,0
3305,Downtown,2026-02-06,evening,dine-in,29.0,29.0,4,1,0
3306,Downtown,2026-02-06,evening,take-out,31.0,31.0,4,1,0
3307,Downtown,2026-02-06,morning,delivery,16.0,5.33,3,3,0
3308,Downtown,2026-02-06,morning,dine-in,23.0,7.67,3,3,0
3309,Downtown,2026-02-06,morning,take-out,24.0,8.0,3,3,0
3310,Downtown,2026-02-07,afternoon,delivery,17.0,8.5,6,2,0
3311,Downtown,2026-02-07,afternoon,dine-in,57.0,28.5,6,2,0
3312,Downtown,2026-02-07,afternoon,take-out,41.0,20.5,6,2,0
3313,Downtown,2026-02-07,evening,delivery,15.0,7.5,5,2,0
3314,Downtown,2026-02-07,evening,dine-in,59.0,29.5,5,2,0
3315,Downtown,2026-02-07,evening,take-out,27.0,13.5,5,2,0
3316,Downtown,2026-02-07,morning,delivery,11.0,5.5,4,2,0
3317,Downtown,2026-02-07,morning,dine-in,34.0,17.0,4,2,0
3318,Downtown,2026-02-07,morning,take-out,25.0,12.5,4,2,0
3319,Downtown,2026-02-08,afternoon,delivery,15.0,7.5,6,2,0
3320,Downtown,2026-02-08,afternoon,dine-in,35.0,17.5,6,2,0
3321,Downtown,2026-02-08,afternoon,take-out,50.0,25.0,6,2,0
3322,Downtown,2026-02-08,evening,delivery,15.0,5.0,5,3,0
3323,Downtown,2026-02-08,evening,dine-in,33.0,11.0,5,3,0
3324,Downtown,2026-02-08,evening,take-out,42.0,14.0,5,3,0
3325,Downtown,2026-02-08,morning,delivery,12.0,6.0,4,2,0
3326,Downtown,2026-02-08,morning,dine-in,36.0,18.0,4,2,0
3327,Downtown,2026-02-08,morning,take-out,19.0,9.5,4,2,0
3328,Downtown,2026-02-09,afternoon,delivery,23.0,5.75,5,4,0
3329,Downtown,2026-02-09,afternoon,dine-in,40.0,10.0,5,4,0
3330,Downtown,2026-02-09,afternoon,take-out,26.0,6.5,5,4,0
3331,Downtown,2026-02-09,evening,delivery,26.0,13.0,4,2,0
3332,Downtown,2026-02-09,evening,dine-in,23.0,11.5,4,2,0
3333,Downtown,2026-02-09,evening,take-out,20.0,10.0,4,2,0
3334,Downtown,2026-02-09,morning,delivery,10.0,10.0,3,1,0
3335,Downtown,2026-02-09,morning,dine-in,33.0,33.0,3,1,0
3336,Downtown,2026-02-09,morning,take-out,12.0,12.0,3,1,0
3337,Downtown,2026-02-10,afternoon,delivery,21.0,10.5,5,2,0
3338,Downtown,2026-02-10,afternoon,dine-in,25.0,12.5,5,2,0
3339,Downtown,2026-02-10,afternoon,take-out,29.0,14.5,5,2,0
3340,Downtown,2026-02-10,evening,delivery,10.0,3.33,4,3,0
3341,Downtown,2026-02-10,evening,dine-in,38.0,12.67,4,3,0
3342,Downtown,2026-02-10,evening,take-out,39.0,13.0,4,3,0
3343,Downtown,2026-02-10,morning,delivery,9.0,3.0,3,3,0
3344,Downtown,2026-02-10,morning,dine-in,24.0,8.0,3,3,0
3345,Downtown,2026-02-10,morning,take-out,24.0,8.0,3,3,0
3346,Downtown,2026-02-11,afternoon,delivery,22.0,7.33,5,3,0
3347,Downtown,2026-02-11,afternoon,dine-in,41.0,13.67,5,3,0
3348,Downtown,2026-02-11,afternoon,take-out,51.0,17.0,5,3,0
3349,Downtown,2026-02-11,evening,delivery,17.0,8.5,4,2,0
3350,Downtown,2026-02-11,evening,dine-in,28.0,14.0,4,2,0
3351,Downtown,2026-02-11,evening,take-out,40.0,20.0,4,2,0
3352,Downtown,2026-02-11,morning,delivery,16.0,8.0,3,2,0
3353,Downtown,2026-02-11,morning,dine-in,22.0,11.0,3,2,0
3354,Downtown,2026-02-11,morning,take-out,33.0,16.5,3,2,0
3355,Downtown,2026-02-12,afternoon,delivery,15.0,5.0,5,3,0
3356,Downtown,2026-02-12,afternoon,dine-in,41.0,13.67,5,3,0
3357,Downtown,2026-02-12,afternoon,take-out,31.0,10.33,5,3,0
3358,Downtown,2026-02-12,evening,delivery,16.0,8.0,4,2,0
3359,Downtown,2026-02-12,evening,dine-in,26.0,13.0,4,2,0
3360,Downtown,2026-02-12,evening,take-out,34.0,17.0,4,2,0
3361,Downtown,2026-02-12,morning,delivery,13.0,6.5,3,2,0
3362,Downtown,2026-02-12,morning,dine-in,21.0,10.5,3,2,0
3363,Downtown,2026-02-12,morning,take-out,22.0,11.0,3,2,0
3364,Downtown,2026-02-13,afternoon,delivery,21.0,7.0,5,3,0
3365,Downtown,2026-02-13,afternoon,dine-in,42.0,14.0,5,3,0
3366,Downtown,2026-02-13,afternoon,take-out,34.0,11.33,5,3,0
3367,Downtown,2026-02-13,evening,delivery,12.0,6.0,4,2,0
3368,Downtown,2026-02-13,evening,dine-in,30.0,15.0,4,2,0
3369,Downtown,2026-02-13,evening,take-out,26.0,13.0,4,2,0
3370,Downtown,2026-02-13,morning,delivery,17.0,17.0,3,1,0
3371,Downtown,2026-02-13,morning,dine-in,31.0,31.0,3,1,0
3372,Downtown,2026-02-13,morning,take-out,10.0,10.0,3,1,0
3373,Downtown,2026-02-14,afternoon,delivery,27.0,6.75,6,4,0
3374,Downtown,2026-02-14,afternoon,dine-in,42.0,10.5,6,4,0
3375,Downtown,2026-02-14,afternoon,take-out,51.0,12.75,6,4,0
3376,Downtown,2026-02-14,evening,delivery,27.0,13.5,5,2,0
3377,Downtown,2026-02-14,evening,dine-in,28.0,14.0,5,2,0
3378,Downtown,2026-02-14,evening,take-out,44.0,22.0,5,2,0
3379,Downtown,2026-02-14,morning,delivery,21.0,10.5,4,2,0
3380,Downtown,2026-02-14,morning,dine-in,28.0,14.0,4,2,0
3381,Downtown,2026-02-14,morning,take-out,30.0,15.0,4,2,0
3382,Downtown,2026-02-15,afternoon,delivery,39.0,9.75,6,4,0
3383,Downtown,2026-02-15,afternoon,dine-in,37.0,9.25,6,4,0
3384,Downtown,2026-02-15,afternoon,take-out,46.0,11.5,6,4,0
3385,Downtown,2026-02-15,evening,delivery,29.0,7.25,5,4,0
3386,Downtown,2026-02-15,evening,dine-in,29.0,7.25,5,4,0
3387,Downtown,2026-02-15,evening,take-out,40.0,10.0,5,4,0
3388,Downtown,2026-02-15,morning,delivery,14.0,14.0,4,1,0
3389,Downtown,2026-02-15,morning,dine-in,27.0,27.0,4,1,0
3390,Downtown,2026-02-15,morning,take-out,43.0,43.0,4,1,0
3391,Downtown,2026-02-16,afternoon,delivery,21.0,7.0,5,3,0
3392,Downtown,2026-02-16,afternoon,dine-in,41.0,13.67,5,3,0
3393,Downtown,2026-02-16,afternoon,take-out,48.0,16.0,5,3,0
3394,Downtown,2026-02-16,evening,delivery,10.0,5.0,4,2,0
3395,Downtown,2026-02-16,evening,dine-in,29.0,14.5,4,2,0
3396,Downtown,2026-02-16,evening,take-out,40.0,20.0,4,2,0
3397,Downtown,2026-02-16,morning,delivery,13.0,6.5,3,2,0
3398,Downtown,2026-02-16,morning,dine-in,26.0,13.0,3,2,0
3399,Downtown,2026-02-16,morning,take-out,24.0,12.0,3,2,0
3400,Downtown,2026-02-17,afternoon,delivery,4.0,1.33,5,3,0
3401,Downtown,2026-02-17,afternoon,dine-in,51.0,17.0,5,3,0
3402,Downtown,2026-02-17,afternoon,take-out,61.0,20.33,5,3,0
3403,Downtown,2026-02-17,evening,delivery,7.0,7.0,4,1,0
3404,Downtown,2026-02-17,evening,dine-in,25.0,25.0,4,1,0
3405,Downtown,2026-02-17,evening,take-out,34.0,34.0,4,1,0
3406,Downtown,2026-02-18,afternoon,delivery,23.0,11.5,5,2,0
3407,Downtown,2026-02-18,afternoon,dine-in,35.0,17.5,5,2,0
3408,Downtown,2026-02-18,afternoon,take-out,45.0,22.5,5,2,0
3409,Downtown,2026-02-18,evening,delivery,7.0,7.0,4,1,0
3410,Downtown,2026-02-18,evening,dine-in,33.0,33.0,4,1,0
3411,Downtown,2026-02-18,evening,take-out,50.0,50.0,4,1,0
3412,Downtown,2026-02-18,morning,delivery,1.0,1.0,3,1,0
3413,Downtown,2026-02-18,morning,dine-in,24.0,24.0,3,1,0
3414,Downtown,2026-02-18,morning,take-out,30.0,30.0,3,1,0
3415,Downtown,2026-02-19,afternoon,delivery,15.0,5.0,5,3,0
3416,Downtown,2026-02-19,afternoon,dine-in,41.0,13.67,5,3,0
3417,Downtown,2026-02-19,afternoon,take-out,36.0,12.0,5,3,0
3418,Downtown,2026-02-19,evening,delivery,20.0,6.67,4,3,0
3419,Downtown,2026-02-19,evening,dine-in,41.0,13.67,4,3,0
3420,Downtown,2026-02-19,evening,take-out,32.0,10.67,4,3,0
3421,Downtown,2026-02-19,morning,delivery,4.0,2.0,3,2,0
3422,Downtown,2026-02-19,morning,dine-in,21.0,10.5,3,2,0
3423,Downtown,2026-02-19,morning,take-out,27.0,13.5,3,2,0
3424,Downtown,2026-02-20,afternoon,delivery,15.0,5.0,5,3,0
3425,Downtown,2026-02-20,afternoon,dine-in,36.0,12.0,5,3,0
3426,Downtown,2026-02-20,afternoon,take-out,48.0,16.0,5,3,0
3427,Downtown,2026-02-20,evening,delivery,25.0,12.5,4,2,0
3428,Downtown,2026-02-20,evening,dine-in,21.0,10.5,4,2,0
3429,Downtown,2026-02-20,evening,take-out,47.0,23.5,4,2,0
3430,Downtown,2026-02-20,morning,delivery,13.0,13.0,3,1,0
3431,Downtown,2026-02-20,morning,dine-in,28.0,28.0,3,1,0
3432,Downtown,2026-02-20,morning,take-out,22.0,22.0,3,1,0
3433,Downtown,2026-02-21,afternoon,delivery,23.0,7.67,6,3,0
3434,Downtown,2026-02-21,afternoon,dine-in,33.0,11.0,6,3,0
3435,Downtown,2026-02-21,afternoon,take-out,55.0,18.33,6,3,0
3436,Downtown,2026-02-21,evening,delivery,24.0,8.0,5,3,0
3437,Downtown,2026-02-21,evening,dine-in,40.0,13.33,5,3,0
3438,Downtown,2026-02-21,evening,take-out,38.0,12.67,5,3,0
3439,Downtown,2026-02-21,morning,delivery,9.0,4.5,4,2,0
3440,Downtown,2026-02-21,morning,dine-in,25.0,12.5,4,2,0
3441,Downtown,2026-02-21,morning,take-out,30.0,15.0,4,2,0
3442,Downtown,2026-02-22,afternoon,delivery,27.0,13.5,6,2,0
3443,Downtown,2026-02-22,afternoon,dine-in,59.0,29.5,6,2,0
3444,Downtown,2026-02-22,afternoon,take-out,59.0,29.5,6,2,0
3445,Downtown,2026-02-22,evening,delivery,14.0,4.67,5,3,0
3446,Downtown,2026-02-22,evening,dine-in,45.0,15.0,5,3,0
3447,Downtown,2026-02-22,evening,take-out,31.0,10.33,5,3,0
3448,Downtown,2026-02-22,morning,delivery,19.0,19.0,4,1,0
3449,Downtown,2026-02-22,morning,dine-in,24.0,24.0,4,1,0
3450,Downtown,2026-02-22,morning,take-out,33.0,33.0,4,1,0
3451,Downtown,2026-02-23,afternoon,delivery,15.0,3.0,5,5,0
3452,Downtown,2026-02-23,afternoon,dine-in,41.0,8.2,5,5,0
3453,Downtown,2026-02-23,afternoon,take-out,36.0,7.2,5,5,0
3454,Downtown,2026-02-23,evening,delivery,20.0,10.0,4,2,0
3455,Downtown,2026-02-23,evening,dine-in,25.0,12.5,4,2,0
3456,Downtown,2026-02-23,evening,take-out,30.0,15.0,4,2,0
3457,Downtown,2026-02-23,morning,delivery,9.0,4.5,3,2,0
3458,Downtown,2026-02-23,morning,dine-in,30.0,15.0,3,2,0
3459,Downtown,2026-02-23,morning,take-out,13.0,6.5,3,2,0
3460,Downtown,2026-02-24,afternoon,delivery,35.0,17.5,5,2,0
3461,Downtown,2026-02-24,afternoon,dine-in,39.0,19.5,5,2,0
3462,Downtown,2026-02-24,afternoon,take-out,31.0,15.5,5,2,0
3463,Downtown,2026-02-24,evening,delivery,23.0,23.0,4,1,0
3464,Downtown,2026-02-24,evening,dine-in,14.0,14.0,4,1,0
3465,Downtown,2026-02-24,evening,take-out,31.0,31.0,4,1,0
3466,Downtown,2026-02-24,morning,delivery,9.0,9.0,3,1,0
3467,Downtown,2026-02-24,morning,dine-in,33.0,33.0,3,1,0
3468,Downtown,2026-02-24,morning,take-out,19.0,19.0,3,1,0
3469,Downtown,2026-02-25,afternoon,delivery,22.0,7.33,5,3,0
3470,Downtown,2026-02-25,afternoon,dine-in,37.0,12.33,5,3,0
3471,Downtown,2026-02-25,afternoon,take-out,40.0,13.33,5,3,0
3472,Downtown,2026-02-25,evening,delivery,6.0,1.5,4,4,0
3473,Downtown,2026-02-25,evening,dine-in,35.0,8.75,4,4,0
3474,Downtown,2026-02-25,evening,take-out,39.0,9.75,4,4,0
3475,Downtown,2026-02-25,morning,delivery,12.0,6.0,3,2,0
3476,Downtown,2026-02-25,morning,dine-in,32.0,16.0,3,2,0
3477,Downtown,2026-02-25,morning,take-out,21.0,10.5,3,2,0
3478,Downtown,2026-02-26,afternoon,delivery,28.0,14.0,5,2,0
3479,Downtown,2026-02-26,afternoon,dine-in,41.0,20.5,5,2,0
3480,Downtown,2026-02-26,afternoon,take-out,43.0,21.5,5,2,0
3481,Downtown,2026-02-26,evening,delivery,14.0,4.67,4,3,0
3482,Downtown,2026-02-26,evening,dine-in,37.0,12.33,4,3,0
3483,Downtown,2026-02-26,evening,take-out,40.0,13.33,4,3,0
3484,Downtown,2026-02-26,morning,delivery,13.0,13.0,3,1,0
3485,Downtown,2026-02-26,morning,dine-in,30.0,30.0,3,1,0
3486,Downtown,2026-02-26,morning,take-out,24.0,24.0,3,1,0
3487,Downtown,2026-02-27,afternoon,delivery,15.0,5.0,5,3,0
3488,Downtown,2026-02-27,afternoon,dine-in,51.0,17.0,5,3,0
3489,Downtown,2026-02-27,afternoon,take-out,37.0,12.33,5,3,0
3490,Downtown,2026-02-27,evening,delivery,21.0,7.0,4,3,0
3491,Downtown,2026-02-27,evening,dine-in,31.0,10.33,4,3,0
3492,Downtown,2026-02-27,evening,take-out,30.0,10.0,4,3,0
3493,Downtown,2026-02-27,morning,delivery,4.0,1.33,3,3,0
3494,Downtown,2026-02-27,morning,dine-in,27.0,9.0,3,3,0
3495,Downtown,2026-02-27,morning,take-out,24.0,8.0,3,3,0
3496,Downtown,2026-02-28,afternoon,delivery,21.0,5.25,6,4,0
3497,Downtown,2026-02-28,afternoon,dine-in,29.0,7.25,6,4,0
3498,Downtown,2026-02-28,afternoon,take-out,54.0,13.5,6,4,0
3499,Downtown,2026-02-28,evening,delivery,17.0,17.0,5,1,0
3500,Downtown,2026-02-28,evening,dine-in,32.0,32.0,5,1,0
3501,Downtown,2026-02-28,evening,take-out,62.0,62.0,5,1,0
3502,Downtown,2026-02-28,morning,delivery,13.0,4.33,4,3,0
3503,Downtown,2026-02-28,morning,dine-in,37.0,12.33,4,3,0
3504,Downtown,2026-02-28,morning,take-out,26.0,8.67,4,3,0
3505,Downtown,2026-03-01,afternoon,delivery,21.0,7.0,6,3,0
3506,Downtown,2026-03-01,afternoon,dine-in,77.0,25.67,6,3,0
3507,Downtown,2026-03-01,afternoon,take-out,26.0,8.67,6,3,0
3508,Downtown,2026-03-01,evening,delivery,18.0,6.0,5,3,0
3509,Downtown,2026-03-01,evening,dine-in,30.0,10.0,5,3,0
3510,Downtown,2026-03-01,evening,take-out,23.0,7.67,5,3,0
3511,Downtown,2026-03-01,morning,delivery,11.0,3.67,4,3,0
3512,Downtown,2026-03-01,morning,dine-in,23.0,7.67,4,3,0
3513,Downtown,2026-03-01,morning,take-out,28.0,9.33,4,3,0
3514,Downtown,2026-03-02,afternoon,delivery,18.0,18.0,5,1,0
3515,Downtown,2026-03-02,afternoon,dine-in,27.0,27.0,5,1,0
3516,Downtown,2026-03-02,afternoon,take-out,47.0,47.0,5,1,0
3517,Downtown,2026-03-02,evening,delivery,21.0,5.25,4,4,0
3518,Downtown,2026-03-02,evening,dine-in,21.0,5.25,4,4,0
3519,Downtown,2026-03-02,evening,take-out,26.0,6.5,4,4,0
3520,Downtown,2026-03-02,morning,delivery,7.0,3.5,3,2,0
3521,Downtown,2026-03-02,morning,dine-in,23.0,11.5,3,2,0
3522,Downtown,2026-03-02,morning,take-out,19.0,9.5,3,2,0
3523,Downtown,2026-03-03,afternoon,delivery,34.0,34.0,5,1,0
3524,Downtown,2026-03-03,afternoon,dine-in,39.0,39.0,5,1,0
3525,Downtown,2026-03-03,afternoon,take-out,21.0,21.0,5,1,0
3526,Downtown,2026-03-03,evening,delivery,6.0,3.0,4,2,0
3527,Downtown,2026-03-03,evening,dine-in,27.0,13.5,4,2,0
3528,Downtown,2026-03-03,evening,take-out,32.0,16.0,4,2,0
3529,Downtown,2026-03-03,morning,delivery,17.0,17.0,3,1,0
3530,Downtown,2026-03-03,morning,dine-in,31.0,31.0,3,1,0
3531,Downtown,2026-03-03,morning,take-out,20.0,20.0,3,1,0
3532,Downtown,2026-03-04,afternoon,delivery,25.0,8.33,5,3,0
3533,Downtown,2026-03-04,afternoon,dine-in,21.0,7.0,5,3,0
3534,Downtown,2026-03-04,afternoon,take-out,38.0,12.67,5,3,0
3535,Downtown,2026-03-04,evening,delivery,24.0,12.0,4,2,0
3536,Downtown,2026-03-04,evening,dine-in,27.0,13.5,4,2,0
3537,Downtown,2026-03-04,evening,take-out,40.0,20.0,4,2,0
3538,Downtown,2026-03-04,morning,delivery,14.0,7.0,3,2,0
3539,Downtown,2026-03-04,morning,dine-in,34.0,17.0,3,2,0
3540,Downtown,2026-03-04,morning,take-out,22.0,11.0,3,2,0
3541,Downtown,2026-03-05,afternoon,delivery,23.0,7.67,5,3,0
3542,Downtown,2026-03-05,afternoon,dine-in,42.0,14.0,5,3,0
3543,Downtown,2026-03-05,afternoon,take-out,38.0,12.67,5,3,0
3544,Downtown,2026-03-05,evening,delivery,16.0,5.33,4,3,0
3545,Downtown,2026-03-05,evening,dine-in,34.0,11.33,4,3,0
3546,Downtown,2026-03-05,evening,take-out,26.0,8.67,4,3,0
3547,Downtown,2026-03-05,morning,delivery,11.0,5.5,3,2,0
3548,Downtown,2026-03-05,morning,dine-in,18.0,9.0,3,2,0
3549,Downtown,2026-03-05,morning,take-out,31.0,15.5,3,2,0
3550,Downtown,2026-03-06,afternoon,delivery,25.0,8.33,5,3,0
3551,Downtown,2026-03-06,afternoon,dine-in,40.0,13.33,5,3,0
3552,Downtown,2026-03-06,afternoon,take-out,35.0,11.67,5,3,0
3553,Downtown,2026-03-06,evening,delivery,23.0,11.5,4,2,0
3554,Downtown,2026-03-06,evening,dine-in,40.0,20.0,4,2,0
3555,Downtown,2026-03-06,evening,take-out,31.0,15.5,4,2,0
3556,Downtown,2026-03-06,morning,delivery,12.0,12.0,3,1,0
3557,Downtown,2026-03-06,morning,dine-in,28.0,28.0,3,1,0
3558,Downtown,2026-03-06,morning,take-out,24.0,24.0,3,1,0
3559,Downtown,2026-03-07,afternoon,delivery,27.0,9.0,6,3,0
3560,Downtown,2026-03-07,afternoon,dine-in,33.0,11.0,6,3,0
3561,Downtown,2026-03-07,afternoon,take-out,72.0,24.0,6,3,0
3562,Downtown,2026-03-07,evening,delivery,27.0,9.0,5,3,0
3563,Downtown,2026-03-07,evening,dine-in,34.0,11.33,5,3,0
3564,Downtown,2026-03-07,evening,take-out,30.0,10.0,5,3,0
3565,Downtown,2026-03-08,afternoon,delivery,24.0,6.0,6,4,0
3566,Downtown,2026-03-08,afternoon,dine-in,54.0,13.5,6,4,0
3567,Downtown,2026-03-08,afternoon,take-out,45.0,11.25,6,4,0
3568,Downtown,2026-03-08,evening,delivery,21.0,7.0,5,3,0
3569,Downtown,2026-03-08,evening,dine-in,48.0,16.0,5,3,0
3570,Downtown,2026-03-08,evening,take-out,37.0,12.33,5,3,0
3571,Downtown,2026-03-08,morning,delivery,17.0,17.0,4,1,0
3572,Downtown,2026-03-08,morning,dine-in,15.0,15.0,4,1,0
3573,Downtown,2026-03-08,morning,take-out,42.0,42.0,4,1,0
3574,Downtown,2026-03-09,afternoon,delivery,19.0,6.33,5,3,0
3575,Downtown,2026-03-09,afternoon,dine-in,40.0,13.33,5,3,0
3576,Downtown,2026-03-09,afternoon,take-out,32.0,10.67,5,3,0
3577,Downtown,2026-03-09,evening,delivery,15.0,15.0,4,1,0
3578,Downtown,2026-03-09,evening,dine-in,28.0,28.0,4,1,0
3579,Downtown,2026-03-09,evening,take-out,33.0,33.0,4,1,0
3580,Downtown,2026-03-09,morning,delivery,9.0,9.0,3,1,0
3581,Downtown,2026-03-09,morning,dine-in,34.0,34.0,3,1,0
3582,Downtown,2026-03-09,morning,take-out,13.0,13.0,3,1,0
3583,Downtown,2026-03-10,afternoon,delivery,20.0,5.0,5,4,0
3584,Downtown,2026-03-10,afternoon,dine-in,39.0,9.75,5,4,0
3585,Downtown,2026-03-10,afternoon,take-out,41.0,10.25,5,4,0
3586,Downtown,2026-03-10,evening,delivery,18.0,6.0,4,3,0
3587,Downtown,2026-03-10,evening,dine-in,28.0,9.33,4,3,0
3588,Downtown,2026-03-10,evening,take-out,29.0,9.67,4,3,0
3589,Downtown,2026-03-10,morning,delivery,6.0,6.0,3,1,0
3590,Downtown,2026-03-10,morning,dine-in,7.0,7.0,3,1,0
3591,Downtown,2026-03-10,morning,take-out,45.0,45.0,3,1,0
3592,Downtown,2026-03-11,afternoon,delivery,23.0,7.67,5,3,0
3593,Downtown,2026-03-11,afternoon,dine-in,22.0,7.33,5,3,0
3594,Downtown,2026-03-11,afternoon,take-out,45.0,15.0,5,3,0
3595,Downtown,2026-03-11,evening,delivery,11.0,3.67,4,3,0
3596,Downtown,2026-03-11,evening,dine-in,28.0,9.33,4,3,0
3597,Downtown,2026-03-11,evening,take-out,34.0,11.33,4,3,0
3598,Downtown,2026-03-11,morning,delivery,19.0,19.0,3,1,0
3599,Downtown,2026-03-11,morning,dine-in,21.0,21.0,3,1,0
3600,Downtown,2026-03-11,morning,take-out,17.0,17.0,3,1,0
3601,Downtown,2026-03-12,afternoon,delivery,22.0,5.5,5,4,0
3602,Downtown,2026-03-12,afternoon,dine-in,38.0,9.5,5,4,0
3603,Downtown,2026-03-12,afternoon,take-out,20.0,5.0,5,4,0
3604,Downtown,2026-03-12,evening,delivery,14.0,7.0,4,2,0
3605,Downtown,2026-03-12,evening,dine-in,27.0,13.5,4,2,0
3606,Downtown,2026-03-12,evening,take-out,45.0,22.5,4,2,0
3607,Downtown,2026-03-12,morning,delivery,18.0,9.0,3,2,0
3608,Downtown,2026-03-12,morning,dine-in,17.0,8.5,3,2,0
3609,Downtown,2026-03-12,morning,take-out,26.0,13.0,3,2,0
3610,Downtown,2026-03-13,afternoon,delivery,25.0,6.25,5,4,0
3611,Downtown,2026-03-13,afternoon,dine-in,39.0,9.75,5,4,0
3612,Downtown,2026-03-13,afternoon,take-out,39.0,9.75,5,4,0
3613,Downtown,2026-03-13,evening,delivery,13.0,3.25,4,4,0
3614,Downtown,2026-03-13,evening,dine-in,35.0,8.75,4,4,0
3615,Downtown,2026-03-13,evening,take-out,28.0,7.0,4,4,0
3616,Downtown,2026-03-13,morning,delivery,17.0,17.0,3,1,0
3617,Downtown,2026-03-13,morning,dine-in,20.0,20.0,3,1,0
3618,Downtown,2026-03-13,morning,take-out,16.0,16.0,3,1,0
3619,Downtown,2026-03-14,afternoon,delivery,19.0,9.5,6,2,0
3620,Downtown,2026-03-14,afternoon,dine-in,59.0,29.5,6,2,0
3621,Downtown,2026-03-14,afternoon,take-out,37.0,18.5,6,2,0
3622,Downtown,2026-03-14,evening,delivery,13.0,4.33,5,3,0
3623,Downtown,2026-03-14,evening,dine-in,45.0,15.0,5,3,0
3624,Downtown,2026-03-14,evening,take-out,36.0,12.0,5,3,0
3625,Downtown,2026-03-14,morning,delivery,25.0,6.25,4,4,0
3626,Downtown,2026-03-14,morning,dine-in,40.0,10.0,4,4,0
3627,Downtown,2026-03-14,morning,take-out,22.0,5.5,4,4,0
3628,Downtown,2026-03-15,afternoon,delivery,16.0,5.33,6,3,0
3629,Downtown,2026-03-15,afternoon,dine-in,41.0,13.67,6,3,0
3630,Downtown,2026-03-15,afternoon,take-out,50.0,16.67,6,3,0
3631,Downtown,2026-03-15,evening,delivery,14.0,4.67,5,3,0
3632,Downtown,2026-03-15,evening,dine-in,23.0,7.67,5,3,0
3633,Downtown,2026-03-15,evening,take-out,63.0,21.0,5,3,0
3634,Downtown,2026-03-15,morning,delivery,15.0,3.75,4,4,0
3635,Downtown,2026-03-15,morning,dine-in,30.0,7.5,4,4,0
3636,Downtown,2026-03-15,morning,take-out,19.0,4.75,4,4,0
3637,Downtown,2026-03-16,afternoon,delivery,34.0,17.0,5,2,0
3638,Downtown,2026-03-16,afternoon,dine-in,32.0,16.0,5,2,0
3639,Downtown,2026-03-16,afternoon,take-out,36.0,18.0,5,2,0
3640,Downtown,2026-03-16,evening,delivery,9.0,4.5,4,2,0
3641,Downtown,2026-03-16,evening,dine-in,24.0,12.0,4,2,0
3642,Downtown,2026-03-16,evening,take-out,48.0,24.0,4,2,0
3643,Downtown,2026-03-16,morning,delivery,16.0,16.0,3,1,0
3644,Downtown,2026-03-16,morning,dine-in,24.0,24.0,3,1,0
3645,Downtown,2026-03-16,morning,take-out,25.0,25.0,3,1,0
3646,Downtown,2026-03-17,afternoon,delivery,30.0,7.5,5,4,0
3647,Downtown,2026-03-17,afternoon,dine-in,39.0,9.75,5,4,0
3648,Downtown,2026-03-17,afternoon,take-out,38.0,9.5,5,4,0
3649,Downtown,2026-03-17,evening,delivery,9.0,4.5,4,2,0
3650,Downtown,2026-03-17,evening,dine-in,45.0,22.5,4,2,0
3651,Downtown,2026-03-17,evening,take-out,23.0,11.5,4,2,0
3652,Downtown,2026-03-17,morning,delivery,14.0,7.0,3,2,0
3653,Downtown,2026-03-17,morning,dine-in,43.0,21.5,3,2,0
3654,Downtown,2026-03-17,morning,take-out,26.0,13.0,3,2,0
3655,Downtown,2026-03-18,afternoon,delivery,29.0,7.25,5,4,0
3656,Downtown,2026-03-18,afternoon,dine-in,39.0,9.75,5,4,0
3657,Downtown,2026-03-18,afternoon,take-out,39.0,9.75,5,4,0
3658,Downtown,2026-03-18,evening,delivery,12.0,6.0,4,2,0
3659,Downtown,2026-03-18,evening,dine-in,41.0,20.5,4,2,0
3660,Downtown,2026-03-18,evening,take-out,40.0,20.0,4,2,0
3661,Downtown,2026-03-18,morning,delivery,21.0,10.5,3,2,0
3662,Downtown,2026-03-18,morning,dine-in,13.0,6.5,3,2,0
3663,Downtown,2026-03-18,morning,take-out,24.0,12.0,3,2,0
3664,Downtown,2026-03-19,afternoon,delivery,22.0,7.33,5,3,0
3665,Downtown,2026-03-19,afternoon,dine-in,56.0,18.67,5,3,0
3666,Downtown,2026-03-19,afternoon,take-out,43.0,14.33,5,3,0
3667,Downtown,2026-03-19,evening,delivery,17.0,8.5,4,2,0
3668,Downtown,2026-03-19,evening,dine-in,32.0,16.0,4,2,0
3669,Downtown,2026-03-19,evening,take-out,42.0,21.0,4,2,0
3670,Downtown,2026-03-19,morning,delivery,11.0,11.0,3,1,0
3671,Downtown,2026-03-19,morning,dine-in,18.0,18.0,3,1,0
3672,Downtown,2026-03-19,morning,take-out,14.0,14.0,3,1,0
3673,Downtown,2026-03-20,afternoon,delivery,37.0,12.33,5,3,0
3674,Downtown,2026-03-20,afternoon,dine-in,26.0,8.67,5,3,0
3675,Downtown,2026-03-20,afternoon,take-out,37.0,12.33,5,3,0
3676,Downtown,2026-03-20,evening,delivery,16.0,8.0,4,2,0
3677,Downtown,2026-03-20,evening,dine-in,49.0,24.5,4,2,0
3678,Downtown,2026-03-20,evening,take-out,35.0,17.5,4,2,0
3679,Downtown,2026-03-21,afternoon,delivery,20.0,5.0,6,4,0
3680,Downtown,2026-03-21,afternoon,dine-in,52.0,13.0,6,4,0
3681,Downtown,2026-03-21,afternoon,take-out,42.0,10.5,6,4,0
3682,Downtown,2026-03-21,evening,delivery,13.0,6.5,5,2,0
3683,Downtown,2026-03-21,evening,dine-in,26.0,13.0,5,2,0
3684,Downtown,2026-03-21,evening,take-out,44.0,22.0,5,2,0
3685,Downtown,2026-03-21,morning,delivery,11.0,3.67,4,3,0
3686,Downtown,2026-03-21,morning,dine-in,27.0,9.0,4,3,0
3687,Downtown,2026-03-21,morning,take-out,26.0,8.67,4,3,0
3688,Downtown,2026-03-22,afternoon,delivery,18.0,6.0,6,3,0
3689,Downtown,2026-03-22,afternoon,dine-in,55.0,18.33,6,3,0
3690,Downtown,2026-03-22,afternoon,take-out,34.0,11.33,6,3,0
3691,Downtown,2026-03-22,evening,delivery,23.0,7.67,5,3,0
3692,Downtown,2026-03-22,evening,dine-in,53.0,17.67,5,3,0
3693,Downtown,2026-03-22,evening,take-out,30.0,10.0,5,3,0
3694,Downtown,2026-03-22,morning,delivery,21.0,21.0,4,1,0
3695,Downtown,2026-03-22,morning,dine-in,36.0,36.0,4,1,0
3696,Downtown,2026-03-22,morning,take-out,32.0,32.0,4,1,0
3697,Downtown,2026-03-23,afternoon,delivery,33.0,11.0,5,3,0
3698,Downtown,2026-03-23,afternoon,dine-in,38.0,12.67,5,3,0
3699,Downtown,2026-03-23,afternoon,take-out,22.0,7.33,5,3,0
3700,Downtown,2026-03-23,evening,delivery,7.0,7.0,4,1,0
3701,Downtown,2026-03-23,evening,dine-in,52.0,52.0,4,1,0
3702,Downtown,2026-03-23,evening,take-out,28.0,28.0,4,1,0
3703,Downtown,2026-03-23,morning,delivery,16.0,5.33,3,3,0
3704,Downtown,2026-03-23,morning,dine-in,29.0,9.67,3,3,0
3705,Downtown,2026-03-23,morning,take-out,19.0,6.33,3,3,0
3706,Downtown,2026-03-24,afternoon,delivery,31.0,10.33,5,3,0
3707,Downtown,2026-03-24,afternoon,dine-in,21.0,7.0,5,3,0
3708,Downtown,2026-03-24,afternoon,take-out,40.0,13.33,5,3,0
3709,Downtown,2026-03-24,evening,delivery,14.0,14.0,4,1,0
3710,Downtown,2026-03-24,evening,dine-in,39.0,39.0,4,1,0
3711,Downtown,2026-03-24,evening,take-out,36.0,36.0,4,1,0
3712,Downtown,2026-03-24,morning,delivery,8.0,2.67,3,3,0
3713,Downtown,2026-03-24,morning,dine-in,35.0,11.67,3,3,0
3714,Downtown,2026-03-24,morning,take-out,26.0,8.67,3,3,0
3715,Downtown,2026-03-25,afternoon,delivery,15.0,15.0,5,1,0
3716,Downtown,2026-03-25,afternoon,dine-in,37.0,37.0,5,1,0
3717,Downtown,2026-03-25,afternoon,take-out,50.0,50.0,5,1,0
3718,Downtown,2026-03-25,morning,delivery,8.0,4.0,3,2,0
3719,Downtown,2026-03-25,morning,dine-in,21.0,10.5,3,2,0
3720,Downtown,2026-03-25,morning,take-out,27.0,13.5,3,2,0
3721,Downtown,2026-03-26,afternoon,delivery,13.0,6.5,5,2,0
3722,Downtown,2026-03-26,afternoon,dine-in,50.0,25.0,5,2,0
3723,Downtown,2026-03-26,afternoon,take-out,16.0,8.0,5,2,0
3724,Downtown,2026-03-26,evening,delivery,19.0,4.75,4,4,0
3725,Downtown,2026-03-26,evening,dine-in,30.0,7.5,4,4,0
3726,Downtown,2026-03-26,evening,take-out,31.0,7.75,4,4,0
3727,Downtown,2026-03-26,morning,delivery,13.0,6.5,3,2,0
3728,Downtown,2026-03-26,morning,dine-in,27.0,13.5,3,2,0
3729,Downtown,2026-03-26,morning,take-out,31.0,15.5,3,2,0
3730,Downtown,2026-03-27,afternoon,delivery,11.0,3.67,5,3,0
3731,Downtown,2026-03-27,afternoon,dine-in,58.0,19.33,5,3,0
3732,Downtown,2026-03-27,afternoon,take-out,41.0,13.67,5,3,0
3733,Downtown,2026-03-27,evening,delivery,22.0,7.33,4,3,0
3734,Downtown,2026-03-27,evening,dine-in,20.0,6.67,4,3,0
3735,Downtown,2026-03-27,evening,take-out,30.0,10.0,4,3,0
3736,Downtown,2026-03-27,morning,delivery,9.0,9.0,3,1,0
3737,Downtown,2026-03-27,morning,dine-in,24.0,24.0,3,1,0
3738,Downtown,2026-03-27,morning,take-out,23.0,23.0,3,1,0
3739,Downtown,2026-03-28,afternoon,delivery,42.0,10.5,6,4,0
3740,Downtown,2026-03-28,afternoon,dine-in,46.0,11.5,6,4,0
3741,Downtown,2026-03-28,afternoon,take-out,40.0,10.0,6,4,0
3742,Downtown,2026-03-28,evening,delivery,20.0,10.0,5,2,0
3743,Downtown,2026-03-28,evening,dine-in,30.0,15.0,5,2,0
3744,Downtown,2026-03-28,evening,take-out,36.0,18.0,5,2,0
3745,Downtown,2026-03-28,morning,delivery,8.0,4.0,4,2,0
3746,Downtown,2026-03-28,morning,dine-in,23.0,11.5,4,2,0
3747,Downtown,2026-03-28,morning,take-out,29.0,14.5,4,2,0
3748,Downtown,2026-03-29,afternoon,delivery,20.0,5.0,6,4,0
3749,Downtown,2026-03-29,afternoon,dine-in,67.0,16.75,6,4,0
3750,Downtown,2026-03-29,afternoon,take-out,34.0,8.5,6,4,0
3751,Downtown,2026-03-29,evening,delivery,9.0,9.0,5,1,0
3752,Downtown,2026-03-29,evening,dine-in,51.0,51.0,5,1,0
3753,Downtown,2026-03-29,evening,take-out,34.0,34.0,5,1,0
3754,Downtown,2026-03-29,morning,delivery,22.0,7.33,4,3,0
3755,Downtown,2026-03-29,morning,dine-in,22.0,7.33,4,3,0
3756,Downtown,2026-03-29,morning,take-out,33.0,11.0,4,3,0
3757,Downtown,2026-03-30,afternoon,delivery,8.0,2.67,5,3,0
3758,Downtown,2026-03-30,afternoon,dine-in,57.0,19.0,5,3,0
3759,Downtown,2026-03-30,afternoon,take-out,44.0,14.67,5,3,0
3760,Downtown,2026-03-30,evening,delivery,33.0,16.5,4,2,0
3761,Downtown,2026-03-30,evening,dine-in,24.0,12.0,4,2,0
3762,Downtown,2026-03-30,evening,take-out,31.0,15.5,4,2,0
3763,Downtown,2026-03-30,morning,delivery,11.0,5.5,3,2,0
3764,Downtown,2026-03-30,morning,dine-in,17.0,8.5,3,2,0
3765,Downtown,2026-03-30,morning,take-out,33.0,16.5,3,2,0
3766,Downtown,2026-03-31,afternoon,delivery,42.0,21.0,5,2,0
3767,Downtown,2026-03-31,afternoon,dine-in,26.0,13.0,5,2,0
3768,Downtown,2026-03-31,afternoon,take-out,32.0,16.0,5,2,0
3769,Downtown,2026-03-31,evening,delivery,22.0,11.0,4,2,0
3770,Downtown,2026-03-31,evening,dine-in,32.0,16.0,4,2,0
3771,Downtown,2026-03-31,evening,take-out,26.0,13.0,4,2,0
3772,Downtown,2026-04-01,afternoon,delivery,20.0,10.0,5,2,0
3773,Downtown,2026-04-01,afternoon,dine-in,45.0,22.5,5,2,0
3774,Downtown,2026-04-01,afternoon,take-out,30.0,15.0,5,2,0
3775,Downtown,2026-04-01,evening,delivery,28.0,14.0,4,2,0
3776,Downtown,2026-04-01,evening,dine-in,52.0,26.0,4,2,0
3777,Downtown,2026-04-01,evening,take-out,22.0,11.0,4,2,0
3778,Downtown,2026-04-01,morning,delivery,22.0,22.0,3,1,0
3779,Downtown,2026-04-01,morning,dine-in,24.0,24.0,3,1,0
3780,Downtown,2026-04-01,morning,take-out,17.0,17.0,3,1,0
3781,Downtown,2026-04-02,afternoon,delivery,13.0,4.33,5,3,0
3782,Downtown,2026-04-02,afternoon,dine-in,49.0,16.33,5,3,0
3783,Downtown,2026-04-02,afternoon,take-out,37.0,12.33,5,3,0
3784,Downtown,2026-04-02,evening,delivery,19.0,19.0,4,1,0
3785,Downtown,2026-04-02,evening,dine-in,19.0,19.0,4,1,0
3786,Downtown,2026-04-02,evening,take-out,37.0,37.0,4,1,0
3787,Downtown,2026-04-02,morning,delivery,9.0,9.0,3,1,0
3788,Downtown,2026-04-02,morning,dine-in,29.0,29.0,3,1,0
3789,Downtown,2026-04-02,morning,take-out,13.0,13.0,3,1,0
3790,Downtown,2026-04-03,afternoon,delivery,12.0,6.0,5,2,0
3791,Downtown,2026-04-03,afternoon,dine-in,31.0,15.5,5,2,0
3792,Downtown,2026-04-03,afternoon,take-out,30.0,15.0,5,2,0
3793,Downtown,2026-04-03,evening,delivery,15.0,5.0,4,3,0
3794,Downtown,2026-04-03,evening,dine-in,17.0,5.67,4,3,0
3795,Downtown,2026-04-03,evening,take-out,40.0,13.33,4,3,0
3796,Downtown,2026-04-03,morning,delivery,17.0,17.0,3,1,0
3797,Downtown,2026-04-03,morning,dine-in,23.0,23.0,3,1,0
3798,Downtown,2026-04-03,morning,take-out,25.0,25.0,3,1,0
3799,Downtown,2026-04-04,afternoon,delivery,20.0,5.0,6,4,0
3800,Downtown,2026-04-04,afternoon,dine-in,49.0,12.25,6,4,0
3801,Downtown,2026-04-04,afternoon,take-out,39.0,9.75,6,4,0
3802,Downtown,2026-04-04,evening,delivery,24.0,6.0,5,4,0
3803,Downtown,2026-04-04,evening,dine-in,40.0,10.0,5,4,0
3804,Downtown,2026-04-04,evening,take-out,33.0,8.25,5,4,0
3805,Downtown,2026-04-04,morning,delivery,25.0,12.5,4,2,0
3806,Downtown,2026-04-04,morning,dine-in,33.0,16.5,4,2,0
3807,Downtown,2026-04-04,morning,take-out,30.0,15.0,4,2,0
3808,Downtown,2026-04-05,afternoon,delivery,8.0,2.67,6,3,0
3809,Downtown,2026-04-05,afternoon,dine-in,66.0,22.0,6,3,0
3810,Downtown,2026-04-05,afternoon,take-out,44.0,14.67,6,3,0
3811,Downtown,2026-04-05,evening,delivery,19.0,6.33,5,3,0
3812,Downtown,2026-04-05,evening,dine-in,51.0,17.0,5,3,0
3813,Downtown,2026-04-05,evening,take-out,37.0,12.33,5,3,0
3814,Downtown,2026-04-05,morning,delivery,12.0,12.0,4,1,0
3815,Downtown,2026-04-05,morning,dine-in,41.0,41.0,4,1,0
3816,Downtown,2026-04-05,morning,take-out,12.0,12.0,4,1,0
3817,Downtown,2026-04-06,afternoon,delivery,41.0,10.25,5,4,0
3818,Downtown,2026-04-06,afternoon,dine-in,35.0,8.75,5,4,0
3819,Downtown,2026-04-06,afternoon,take-out,38.0,9.5,5,4,0
3820,Downtown,2026-04-06,evening,delivery,19.0,6.33,4,3,0
3821,Downtown,2026-04-06,evening,dine-in,39.0,13.0,4,3,0
3822,Downtown,2026-04-06,evening,take-out,45.0,15.0,4,3,0
3823,Downtown,2026-04-06,morning,delivery,4.0,2.0,3,2,0
3824,Downtown,2026-04-06,morning,dine-in,21.0,10.5,3,2,0
3825,Downtown,2026-04-06,morning,take-out,34.0,17.0,3,2,0
3826,Downtown,2026-04-07,afternoon,delivery,5.0,2.5,5,2,0
3827,Downtown,2026-04-07,afternoon,dine-in,31.0,15.5,5,2,0
3828,Downtown,2026-04-07,afternoon,take-out,39.0,19.5,5,2,0
3829,Downtown,2026-04-07,evening,delivery,16.0,5.33,4,3,0
3830,Downtown,2026-04-07,evening,dine-in,33.0,11.0,4,3,0
3831,Downtown,2026-04-07,evening,take-out,20.0,6.67,4,3,0
3832,Downtown,2026-04-07,morning,delivery,5.0,1.67,3,3,0
3833,Downtown,2026-04-07,morning,dine-in,21.0,7.0,3,3,0
3834,Downtown,2026-04-07,morning,take-out,30.0,10.0,3,3,0
3835,Downtown,2026-04-08,afternoon,delivery,14.0,7.0,5,2,0
3836,Downtown,2026-04-08,afternoon,dine-in,23.0,11.5,5,2,0
3837,Downtown,2026-04-08,afternoon,take-out,49.0,24.5,5,2,0
3838,Downtown,2026-04-08,evening,delivery,7.0,3.5,4,2,0
3839,Downtown,2026-04-08,evening,dine-in,32.0,16.0,4,2,0
3840,Downtown,2026-04-08,evening,take-out,51.0,25.5,4,2,0
3841,Downtown,2026-04-08,morning,delivery,4.0,2.0,3,2,0
3842,Downtown,2026-04-08,morning,dine-in,22.0,11.0,3,2,0
3843,Downtown,2026-04-08,morning,take-out,27.0,13.5,3,2,0
3844,Downtown,2026-04-09,afternoon,delivery,10.0,3.33,5,3,0
3845,Downtown,2026-04-09,afternoon,dine-in,59.0,19.67,5,3,0
3846,Downtown,2026-04-09,afternoon,take-out,39.0,13.0,5,3,0
3847,Downtown,2026-04-09,evening,delivery,9.0,4.5,4,2,0
3848,Downtown,2026-04-09,evening,dine-in,26.0,13.0,4,2,0
3849,Downtown,2026-04-09,evening,take-out,39.0,19.5,4,2,0
3850,Downtown,2026-04-09,morning,delivery,8.0,4.0,3,2,0
3851,Downtown,2026-04-09,morning,dine-in,20.0,10.0,3,2,0
3852,Downtown,2026-04-09,morning,take-out,17.0,8.5,3,2,0
3853,Downtown,2026-04-10,afternoon,delivery,19.0,9.5,5,2,0
3854,Downtown,2026-04-10,afternoon,dine-in,44.0,22.0,5,2,0
3855,Downtown,2026-04-10,afternoon,take-out,33.0,16.5,5,2,0
3856,Downtown,2026-04-10,evening,delivery,9.0,4.5,4,2,0
3857,Downtown,2026-04-10,evening,dine-in,32.0,16.0,4,2,0
3858,Downtown,2026-04-10,evening,take-out,31.0,15.5,4,2,0
3859,Downtown,2026-04-10,morning,delivery,8.0,4.0,3,2,0
3860,Downtown,2026-04-10,morning,dine-in,29.0,14.5,3,2,0
3861,Downtown,2026-04-10,morning,take-out,36.0,18.0,3,2,0
3862,Downtown,2026-04-11,afternoon,delivery,17.0,5.67,6,3,0
3863,Downtown,2026-04-11,afternoon,dine-in,51.0,17.0,6,3,0
3864,Downtown,2026-04-11,afternoon,take-out,41.0,13.67,6,3,0
3865,Downtown,2026-04-11,evening,delivery,27.0,9.0,5,3,0
3866,Downtown,2026-04-11,evening,dine-in,47.0,15.67,5,3,0
3867,Downtown,2026-04-11,evening,take-out,29.0,9.67,5,3,0
3868,Downtown,2026-04-11,morning,delivery,12.0,4.0,4,3,0
3869,Downtown,2026-04-11,morning,dine-in,29.0,9.67,4,3,0
3870,Downtown,2026-04-11,morning,take-out,18.0,6.0,4,3,0
3871,Downtown,2026-04-12,afternoon,delivery,31.0,15.5,6,2,0
3872,Downtown,2026-04-12,afternoon,dine-in,58.0,29.0,6,2,0
3873,Downtown,2026-04-12,afternoon,take-out,31.0,15.5,6,2,0
3874,Downtown,2026-04-12,evening,delivery,27.0,6.75,5,4,0
3875,Downtown,2026-04-12,evening,dine-in,40.0,10.0,5,4,0
3876,Downtown,2026-04-12,evening,take-out,35.0,8.75,5,4,0
3877,Downtown,2026-04-12,morning,delivery,6.0,3.0,4,2,0
3878,Downtown,2026-04-12,morning,dine-in,35.0,17.5,4,2,0
3879,Downtown,2026-04-12,morning,take-out,22.0,11.0,4,2,0
3880,Downtown,2026-04-13,afternoon,delivery,22.0,22.0,5,1,0
3881,Downtown,2026-04-13,afternoon,dine-in,27.0,27.0,5,1,0
3882,Downtown,2026-04-13,afternoon,take-out,43.0,43.0,5,1,0
3883,Downtown,2026-04-13,evening,delivery,8.0,4.0,4,2,0
3884,Downtown,2026-04-13,evening,dine-in,41.0,20.5,4,2,0
3885,Downtown,2026-04-13,evening,take-out,33.0,16.5,4,2,0
3886,Downtown,2026-04-13,morning,delivery,6.0,3.0,3,2,0
3887,Downtown,2026-04-13,morning,dine-in,15.0,7.5,3,2,0
3888,Downtown,2026-04-13,morning,take-out,27.0,13.5,3,2,0
3889,Downtown,2026-04-14,afternoon,delivery,19.0,4.75,5,4,0
3890,Downtown,2026-04-14,afternoon,dine-in,43.0,10.75,5,4,0
3891,Downtown,2026-04-14,afternoon,take-out,37.0,9.25,5,4,0
3892,Downtown,2026-04-14,evening,delivery,26.0,6.5,4,4,0
3893,Downtown,2026-04-14,evening,dine-in,21.0,5.25,4,4,0
3894,Downtown,2026-04-14,evening,take-out,19.0,4.75,4,4,0
3895,Downtown,2026-04-14,morning,delivery,26.0,26.0,3,1,0
3896,Downtown,2026-04-14,morning,dine-in,12.0,12.0,3,1,0
3897,Downtown,2026-04-14,morning,take-out,26.0,26.0,3,1,0
3898,Downtown,2026-04-15,afternoon,delivery,32.0,16.0,5,2,0
3899,Downtown,2026-04-15,afternoon,dine-in,41.0,20.5,5,2,0
3900,Downtown,2026-04-15,afternoon,take-out,22.0,11.0,5,2,0
3901,Downtown,2026-04-15,evening,delivery,10.0,10.0,4,1,0
3902,Downtown,2026-04-15,evening,dine-in,45.0,45.0,4,1,0
3903,Downtown,2026-04-15,evening,take-out,30.0,30.0,4,1,0
3904,Downtown,2026-04-15,morning,delivery,11.0,11.0,3,1,0
3905,Downtown,2026-04-15,morning,dine-in,22.0,22.0,3,1,0
3906,Downtown,2026-04-15,morning,take-out,22.0,22.0,3,1,0
3907,Downtown,2026-04-16,afternoon,delivery,20.0,6.67,5,3,0
3908,Downtown,2026-04-16,afternoon,dine-in,49.0,16.33,5,3,0
3909,Downtown,2026-04-16,afternoon,take-out,27.0,9.0,5,3,0
3910,Downtown,2026-04-16,evening,delivery,12.0,4.0,4,3,0
3911,Downtown,2026-04-16,evening,dine-in,36.0,12.0,4,3,0
3912,Downtown,2026-04-16,evening,take-out,38.0,12.67,4,3,0
3913,Downtown,2026-04-16,morning,delivery,14.0,4.67,3,3,0
3914,Downtown,2026-04-16,morning,dine-in,17.0,5.67,3,3,0
3915,Downtown,2026-04-16,morning,take-out,19.0,6.33,3,3,0
3916,Downtown,2026-04-17,afternoon,delivery,11.0,3.67,5,3,0
3917,Downtown,2026-04-17,afternoon,dine-in,34.0,11.33,5,3,0
3918,Downtown,2026-04-17,afternoon,take-out,44.0,14.67,5,3,0
3919,Downtown,2026-04-17,morning,delivery,6.0,2.0,3,3,0
3920,Downtown,2026-04-17,morning,dine-in,19.0,6.33,3,3,0
3921,Downtown,2026-04-17,morning,take-out,31.0,10.33,3,3,0
3922,Downtown,2026-04-18,afternoon,delivery,12.0,2.4,6,5,0
3923,Downtown,2026-04-18,afternoon,dine-in,55.0,11.0,6,5,0
3924,Downtown,2026-04-18,afternoon,take-out,43.0,8.6,6,5,0
3925,Downtown,2026-04-18,evening,delivery,37.0,18.5,5,2,0
3926,Downtown,2026-04-18,evening,dine-in,33.0,16.5,5,2,0
3927,Downtown,2026-04-18,evening,take-out,24.0,12.0,5,2,0
3928,Downtown,2026-04-18,morning,delivery,30.0,15.0,4,2,0
3929,Downtown,2026-04-18,morning,dine-in,35.0,17.5,4,2,0
3930,Downtown,2026-04-18,morning,take-out,19.0,9.5,4,2,0
3931,Downtown,2026-04-19,afternoon,delivery,27.0,13.5,6,2,0
3932,Downtown,2026-04-19,afternoon,dine-in,41.0,20.5,6,2,0
3933,Downtown,2026-04-19,afternoon,take-out,53.0,26.5,6,2,0
3934,Downtown,2026-04-19,evening,delivery,13.0,3.25,5,4,0
3935,Downtown,2026-04-19,evening,dine-in,38.0,9.5,5,4,0
3936,Downtown,2026-04-19,evening,take-out,29.0,7.25,5,4,0
3937,Downtown,2026-04-19,morning,delivery,14.0,14.0,4,1,0
3938,Downtown,2026-04-19,morning,dine-in,21.0,21.0,4,1,0
3939,Downtown,2026-04-19,morning,take-out,26.0,26.0,4,1,0
3940,Downtown,2026-04-20,afternoon,delivery,25.0,12.5,5,2,0
3941,Downtown,2026-04-20,afternoon,dine-in,44.0,22.0,5,2,0
3942,Downtown,2026-04-20,afternoon,take-out,46.0,23.0,5,2,0
3943,Downtown,2026-04-20,evening,delivery,15.0,5.0,4,3,0
3944,Downtown,2026-04-20,evening,dine-in,28.0,9.33,4,3,0
3945,Downtown,2026-04-20,evening,take-out,51.0,17.0,4,3,0
3946,Downtown,2026-04-20,morning,delivery,3.0,1.5,3,2,0
3947,Downtown,2026-04-20,morning,dine-in,25.0,12.5,3,2,0
3948,Downtown,2026-04-20,morning,take-out,25.0,12.5,3,2,0
3949,Downtown,2026-04-21,afternoon,delivery,18.0,6.0,5,3,0
3950,Downtown,2026-04-21,afternoon,dine-in,25.0,8.33,5,3,0
3951,Downtown,2026-04-21,afternoon,take-out,45.0,15.0,5,3,0
3952,Downtown,2026-04-21,evening,delivery,21.0,7.0,4,3,0
3953,Downtown,2026-04-21,evening,dine-in,38.0,12.67,4,3,0
3954,Downtown,2026-04-21,evening,take-out,46.0,15.33,4,3,0
3955,Downtown,2026-04-21,morning,delivery,4.0,2.0,3,2,0
3956,Downtown,2026-04-21,morning,dine-in,28.0,14.0,3,2,0
3957,Downtown,2026-04-21,morning,take-out,30.0,15.0,3,2,0
3958,Downtown,2026-04-22,afternoon,delivery,18.0,9.0,5,2,0
3959,Downtown,2026-04-22,afternoon,dine-in,48.0,24.0,5,2,0
3960,Downtown,2026-04-22,afternoon,take-out,31.0,15.5,5,2,0
3961,Downtown,2026-04-22,evening,delivery,23.0,11.5,4,2,0
3962,Downtown,2026-04-22,evening,dine-in,36.0,18.0,4,2,0
3963,Downtown,2026-04-22,evening,take-out,47.0,23.5,4,2,0
3964,Downtown,2026-04-22,morning,delivery,3.0,1.5,3,2,0
3965,Downtown,2026-04-22,morning,dine-in,14.0,7.0,3,2,0
3966,Downtown,2026-04-22,morning,take-out,25.0,12.5,3,2,0
3967,Downtown,2026-04-23,afternoon,delivery,21.0,4.2,5,5,0
3968,Downtown,2026-04-23,afternoon,dine-in,44.0,8.8,5,5,0
3969,Downtown,2026-04-23,afternoon,take-out,42.0,8.4,5,5,0
3970,Downtown,2026-04-23,evening,delivery,12.0,6.0,4,2,0
3971,Downtown,2026-04-23,evening,dine-in,40.0,20.0,4,2,0
3972,Downtown,2026-04-23,evening,take-out,37.0,18.5,4,2,0
3973,Downtown,2026-04-23,morning,delivery,5.0,2.5,3,2,0
3974,Downtown,2026-04-23,morning,dine-in,23.0,11.5,3,2,0
3975,Downtown,2026-04-23,morning,take-out,26.0,13.0,3,2,0
3976,Downtown,2026-04-24,afternoon,delivery,12.0,3.0,5,4,0
3977,Downtown,2026-04-24,afternoon,dine-in,26.0,6.5,5,4,0
3978,Downtown,2026-04-24,afternoon,take-out,46.0,11.5,5,4,0
3979,Downtown,2026-04-24,evening,delivery,15.0,5.0,4,3,0
3980,Downtown,2026-04-24,evening,dine-in,24.0,8.0,4,3,0
3981,Downtown,2026-04-24,evening,take-out,30.0,10.0,4,3,0
3982,Downtown,2026-04-24,morning,delivery,8.0,2.67,3,3,0
3983,Downtown,2026-04-24,morning,dine-in,25.0,8.33,3,3,0
3984,Downtown,2026-04-24,morning,take-out,23.0,7.67,3,3,0
3985,Downtown,2026-04-25,afternoon,delivery,22.0,11.0,6,2,0
3986,Downtown,2026-04-25,afternoon,dine-in,32.0,16.0,6,2,0
3987,Downtown,2026-04-25,afternoon,take-out,51.0,25.5,6,2,0
3988,Downtown,2026-04-25,evening,delivery,27.0,9.0,5,3,0
3989,Downtown,2026-04-25,evening,dine-in,33.0,11.0,5,3,0
3990,Downtown,2026-04-25,evening,take-out,32.0,10.67,5,3,0
3991,Downtown,2026-04-25,morning,delivery,12.0,6.0,4,2,0
3992,Downtown,2026-04-25,morning,dine-in,20.0,10.0,4,2,0
3993,Downtown,2026-04-25,morning,take-out,29.0,14.5,4,2,0
3994,Downtown,2026-04-26,afternoon,delivery,14.0,2.8,6,5,0
3995,Downtown,2026-04-26,afternoon,dine-in,41.0,8.2,6,5,0
3996,Downtown,2026-04-26,afternoon,take-out,64.0,12.8,6,5,0
3997,Downtown,2026-04-26,evening,delivery,18.0,6.0,5,3,0
3998,Downtown,2026-04-26,evening,dine-in,42.0,14.0,5,3,0
3999,Downtown,2026-04-26,evening,take-out,32.0,10.67,5,3,0
4000,Downtown,2026-04-26,morning,delivery,3.0,1.5,4,2,0
4001,Downtown,2026-04-26,morning,dine-in,32.0,16.0,4,2,0
4002,Downtown,2026-04-26,morning,take-out,23.0,11.5,4,2,0
4003,Downtown,2026-04-27,afternoon,delivery,16.0,16.0,5,1,0
4004,Downtown,2026-04-27,afternoon,dine-in,19.0,19.0,5,1,0
4005,Downtown,2026-04-27,afternoon,take-out,52.0,52.0,5,1,0
4006,Downtown,2026-04-27,evening,delivery,18.0,9.0,4,2,0
4007,Downtown,2026-04-27,evening,dine-in,37.0,18.5,4,2,0
4008,Downtown,2026-04-27,evening,take-out,30.0,15.0,4,2,0
4009,Downtown,2026-04-27,morning,delivery,20.0,10.0,3,2,0
4010,Downtown,2026-04-27,morning,dine-in,16.0,8.0,3,2,0
4011,Downtown,2026-04-27,morning,take-out,34.0,17.0,3,2,0
4012,Downtown,2026-04-28,afternoon,delivery,17.0,8.5,5,2,0
4013,Downtown,2026-04-28,afternoon,dine-in,30.0,15.0,5,2,0
4014,Downtown,2026-04-28,afternoon,take-out,43.0,21.5,5,2,0
4015,Downtown,2026-04-28,evening,delivery,13.0,13.0,4,1,0
4016,Downtown,2026-04-28,evening,dine-in,27.0,27.0,4,1,0
4017,Downtown,2026-04-28,evening,take-out,32.0,32.0,4,1,0
4018,Downtown,2026-04-28,morning,delivery,18.0,9.0,3,2,0
4019,Downtown,2026-04-28,morning,dine-in,16.0,8.0,3,2,0
4020,Downtown,2026-04-28,morning,take-out,16.0,8.0,3,2,0
4021,Downtown,2026-04-29,afternoon,delivery,23.0,11.5,5,2,0
4022,Downtown,2026-04-29,afternoon,dine-in,33.0,16.5,5,2,0
4023,Downtown,2026-04-29,afternoon,take-out,45.0,22.5,5,2,0
4024,Downtown,2026-04-29,evening,delivery,17.0,8.5,4,2,0
4025,Downtown,2026-04-29,evening,dine-in,24.0,12.0,4,2,0
4026,Downtown,2026-04-29,evening,take-out,37.0,18.5,4,2,0
4027,Downtown,2026-04-30,afternoon,delivery,19.0,6.33,5,3,0
4028,Downtown,2026-04-30,afternoon,dine-in,43.0,14.33,5,3,0
4029,Downtown,2026-04-30,afternoon,take-out,32.0,10.67,5,3,0
4030,Downtown,2026-04-30,evening,delivery,16.0,16.0,4,1,0
4031,Downtown,2026-04-30,evening,dine-in,26.0,26.0,4,1,0
4032,Downtown,2026-04-30,evening,take-out,45.0,45.0,4,1,0
4033,Downtown,2026-04-30,morning,delivery,16.0,8.0,3,2,0
4034,Downtown,2026-04-30,morning,dine-in,25.0,12.5,3,2,0
4035,Downtown,2026-04-30,morning,take-out,13.0,6.5,3,2,0
4036,Downtown,2026-05-01,afternoon,delivery,19.0,9.5,5,2,0
4037,Downtown,2026-05-01,afternoon,dine-in,46.0,23.0,5,2,0
4038,Downtown,2026-05-01,afternoon,take-out,39.0,19.5,5,2,0
4039,Downtown,2026-05-01,evening,delivery,12.0,4.0,4,3,0
4040,Downtown,2026-05-01,evening,dine-in,47.0,15.67,4,3,0
4041,Downtown,2026-05-01,evening,take-out,37.0,12.33,4,3,0
4042,Downtown,2026-05-01,morning,delivery,17.0,17.0,3,1,0
4043,Downtown,2026-05-01,morning,dine-in,21.0,21.0,3,1,0
4044,Downtown,2026-05-01,morning,take-out,14.0,14.0,3,1,0
4045,Downtown,2026-05-02,afternoon,delivery,30.0,30.0,6,1,0
4046,Downtown,2026-05-02,afternoon,dine-in,52.0,52.0,6,1,0
4047,Downtown,2026-05-02,afternoon,take-out,67.0,67.0,6,1,0
4048,Downtown,2026-05-02,evening,delivery,29.0,9.67,5,3,0
4049,Downtown,2026-05-02,evening,dine-in,30.0,10.0,5,3,0
4050,Downtown,2026-05-02,evening,take-out,36.0,12.0,5,3,0
4051,Downtown,2026-05-02,morning,delivery,12.0,4.0,4,3,0
4052,Downtown,2026-05-02,morning,dine-in,29.0,9.67,4,3,0
4053,Downtown,2026-05-02,morning,take-out,21.0,7.0,4,3,0
4054,Downtown,2026-05-03,afternoon,delivery,22.0,11.0,6,2,0
4055,Downtown,2026-05-03,afternoon,dine-in,34.0,17.0,6,2,0
4056,Downtown,2026-05-03,afternoon,take-out,62.0,31.0,6,2,0
4057,Downtown,2026-05-03,evening,delivery,22.0,7.33,5,3,0
4058,Downtown,2026-05-03,evening,dine-in,35.0,11.67,5,3,0
4059,Downtown,2026-05-03,evening,take-out,43.0,14.33,5,3,0
4060,Downtown,2026-05-03,morning,delivery,16.0,4.0,4,4,0
4061,Downtown,2026-05-03,morning,dine-in,26.0,6.5,4,4,0
4062,Downtown,2026-05-03,morning,take-out,36.0,9.0,4,4,0
4063,Downtown,2026-05-04,afternoon,delivery,30.0,30.0,5,1,0
4064,Downtown,2026-05-04,afternoon,dine-in,35.0,35.0,5,1,0
4065,Downtown,2026-05-04,afternoon,take-out,37.0,37.0,5,1,0
4066,Downtown,2026-05-04,evening,delivery,13.0,13.0,4,1,0
4067,Downtown,2026-05-04,evening,dine-in,11.0,11.0,4,1,0
4068,Downtown,2026-05-04,evening,take-out,47.0,47.0,4,1,0
4069,Downtown,2026-05-04,morning,delivery,7.0,3.5,3,2,0
4070,Downtown,2026-05-04,morning,dine-in,17.0,8.5,3,2,0
4071,Downtown,2026-05-04,morning,take-out,18.0,9.0,3,2,0
4072,Downtown,2026-05-05,afternoon,delivery,10.0,3.33,5,3,0
4073,Downtown,2026-05-05,afternoon,dine-in,47.0,15.67,5,3,0
4074,Downtown,2026-05-05,afternoon,take-out,50.0,16.67,5,3,0
4075,Downtown,2026-05-05,evening,delivery,21.0,7.0,4,3,0
4076,Downtown,2026-05-05,evening,dine-in,41.0,13.67,4,3,0
4077,Downtown,2026-05-05,evening,take-out,27.0,9.0,4,3,0
4078,Downtown,2026-05-05,morning,delivery,8.0,8.0,3,1,0
4079,Downtown,2026-05-05,morning,dine-in,20.0,20.0,3,1,0
4080,Downtown,2026-05-05,morning,take-out,16.0,16.0,3,1,0
4081,Downtown,2026-05-06,afternoon,delivery,23.0,7.67,5,3,0
4082,Downtown,2026-05-06,afternoon,dine-in,28.0,9.33,5,3,0
4083,Downtown,2026-05-06,afternoon,take-out,45.0,15.0,5,3,0
4084,Downtown,2026-05-06,evening,delivery,21.0,21.0,4,1,0
4085,Downtown,2026-05-06,evening,dine-in,28.0,28.0,4,1,0
4086,Downtown,2026-05-06,evening,take-out,33.0,33.0,4,1,0
4087,Downtown,2026-05-06,morning,delivery,10.0,5.0,3,2,0
4088,Downtown,2026-05-06,morning,dine-in,34.0,17.0,3,2,0
4089,Downtown,2026-05-06,morning,take-out,29.0,14.5,3,2,0
4090,Downtown,2026-05-07,afternoon,delivery,21.0,7.0,5,3,0
4091,Downtown,2026-05-07,afternoon,dine-in,35.0,11.67,5,3,0
4092,Downtown,2026-05-07,afternoon,take-out,44.0,14.67,5,3,0
4093,Downtown,2026-05-07,evening,delivery,20.0,10.0,4,2,0
4094,Downtown,2026-05-07,evening,dine-in,35.0,17.5,4,2,0
4095,Downtown,2026-05-07,evening,take-out,19.0,9.5,4,2,0
4096,Downtown,2026-05-08,afternoon,delivery,21.0,7.0,5,3,0
4097,Downtown,2026-05-08,afternoon,dine-in,45.0,15.0,5,3,0
4098,Downtown,2026-05-08,afternoon,take-out,36.0,12.0,5,3,0
4099,Downtown,2026-05-08,evening,delivery,20.0,20.0,4,1,0
4100,Downtown,2026-05-08,evening,dine-in,22.0,22.0,4,1,0
4101,Downtown,2026-05-08,evening,take-out,36.0,36.0,4,1,0
4102,Downtown,2026-05-08,morning,delivery,16.0,16.0,3,1,0
4103,Downtown,2026-05-08,morning,dine-in,19.0,19.0,3,1,0
4104,Downtown,2026-05-08,morning,take-out,17.0,17.0,3,1,0
4105,Downtown,2026-05-09,afternoon,delivery,24.0,6.0,6,4,0
4106,Downtown,2026-05-09,afternoon,dine-in,48.0,12.0,6,4,0
4107,Downtown,2026-05-09,afternoon,take-out,42.0,10.5,6,4,0
4108,Downtown,2026-05-09,evening,delivery,14.0,7.0,5,2,0
4109,Downtown,2026-05-09,evening,dine-in,33.0,16.5,5,2,0
4110,Downtown,2026-05-09,evening,take-out,31.0,15.5,5,2,0
4111,Downtown,2026-05-09,morning,delivery,16.0,5.33,4,3,0
4112,Downtown,2026-05-09,morning,dine-in,33.0,11.0,4,3,0
4113,Downtown,2026-05-09,morning,take-out,37.0,12.33,4,3,0
4114,Downtown,2026-05-10,afternoon,delivery,24.0,6.0,6,4,0
4115,Downtown,2026-05-10,afternoon,dine-in,34.0,8.5,6,4,0
4116,Downtown,2026-05-10,afternoon,take-out,82.0,20.5,6,4,0
4117,Downtown,2026-05-10,evening,delivery,21.0,10.5,5,2,0
4118,Downtown,2026-05-10,evening,dine-in,44.0,22.0,5,2,0
4119,Downtown,2026-05-10,evening,take-out,42.0,21.0,5,2,0
4120,Downtown,2026-05-10,morning,delivery,34.0,17.0,4,2,0
4121,Downtown,2026-05-10,morning,dine-in,17.0,8.5,4,2,0
4122,Downtown,2026-05-10,morning,take-out,30.0,15.0,4,2,0
4123,Downtown,2026-05-11,afternoon,delivery,24.0,6.0,5,4,0
4124,Downtown,2026-05-11,afternoon,dine-in,30.0,7.5,5,4,0
4125,Downtown,2026-05-11,afternoon,take-out,55.0,13.75,5,4,0
4126,Downtown,2026-05-11,evening,delivery,26.0,8.67,4,3,0
4127,Downtown,2026-05-11,evening,dine-in,42.0,14.0,4,3,0
4128,Downtown,2026-05-11,evening,take-out,25.0,8.33,4,3,0
4129,Downtown,2026-05-11,morning,delivery,24.0,24.0,3,1,0
4130,Downtown,2026-05-11,morning,dine-in,17.0,17.0,3,1,0
4131,Downtown,2026-05-11,morning,take-out,30.0,30.0,3,1,0
4132,Downtown,2026-05-12,afternoon,delivery,14.0,4.67,5,3,0
4133,Downtown,2026-05-12,afternoon,dine-in,28.0,9.33,5,3,0
4134,Downtown,2026-05-12,afternoon,take-out,33.0,11.0,5,3,0
4135,Downtown,2026-05-12,evening,delivery,30.0,15.0,4,2,0
4136,Downtown,2026-05-12,evening,dine-in,22.0,11.0,4,2,0
4137,Downtown,2026-05-12,evening,take-out,15.0,7.5,4,2,0
4138,Downtown,2026-05-13,afternoon,delivery,14.0,4.67,5,3,0
4139,Downtown,2026-05-13,afternoon,dine-in,31.0,10.33,5,3,0
4140,Downtown,2026-05-13,afternoon,take-out,37.0,12.33,5,3,0
4141,Downtown,2026-05-13,evening,delivery,14.0,7.0,4,2,0
4142,Downtown,2026-05-13,evening,dine-in,13.0,6.5,4,2,0
4143,Downtown,2026-05-13,evening,take-out,33.0,16.5,4,2,0
4144,Downtown,2026-05-13,morning,delivery,8.0,4.0,3,2,0
4145,Downtown,2026-05-13,morning,dine-in,13.0,6.5,3,2,0
4146,Downtown,2026-05-13,morning,take-out,11.0,5.5,3,2,0
4147,Downtown,2026-05-14,afternoon,delivery,17.0,4.25,5,4,0
4148,Downtown,2026-05-14,afternoon,dine-in,45.0,11.25,5,4,0
4149,Downtown,2026-05-14,afternoon,take-out,35.0,8.75,5,4,0
4150,Downtown,2026-05-14,evening,delivery,9.0,9.0,4,1,0
4151,Downtown,2026-05-14,evening,dine-in,47.0,47.0,4,1,0
4152,Downtown,2026-05-14,evening,take-out,41.0,41.0,4,1,0
4153,Downtown,2026-05-14,morning,delivery,7.0,7.0,3,1,0
4154,Downtown,2026-05-14,morning,dine-in,31.0,31.0,3,1,0
4155,Downtown,2026-05-14,morning,take-out,17.0,17.0,3,1,0
4156,Downtown,2026-05-15,afternoon,delivery,21.0,7.0,5,3,0
4157,Downtown,2026-05-15,afternoon,dine-in,31.0,10.33,5,3,0
4158,Downtown,2026-05-15,afternoon,take-out,35.0,11.67,5,3,0
4159,Downtown,2026-05-15,evening,delivery,19.0,9.5,4,2,0
4160,Downtown,2026-05-15,evening,dine-in,36.0,18.0,4,2,0
4161,Downtown,2026-05-15,evening,take-out,51.0,25.5,4,2,0
4162,Downtown,2026-05-15,morning,delivery,20.0,20.0,3,1,0
4163,Downtown,2026-05-15,morning,dine-in,4.0,4.0,3,1,0
4164,Downtown,2026-05-15,morning,take-out,27.0,27.0,3,1,0
4165,Downtown,2026-05-16,afternoon,delivery,34.0,8.5,6,4,0
4166,Downtown,2026-05-16,afternoon,dine-in,32.0,8.0,6,4,0
4167,Downtown,2026-05-16,afternoon,take-out,38.0,9.5,6,4,0
4168,Downtown,2026-05-16,evening,delivery,18.0,4.5,5,4,0
4169,Downtown,2026-05-16,evening,dine-in,51.0,12.75,5,4,0
4170,Downtown,2026-05-16,evening,take-out,22.0,5.5,5,4,0
4171,Downtown,2026-05-16,morning,delivery,23.0,23.0,4,1,0
4172,Downtown,2026-05-16,morning,dine-in,22.0,22.0,4,1,0
4173,Downtown,2026-05-16,morning,take-out,23.0,23.0,4,1,0
4174,Downtown,2026-05-17,afternoon,delivery,18.0,6.0,6,3,0
4175,Downtown,2026-05-17,afternoon,dine-in,41.0,13.67,6,3,0
4176,Downtown,2026-05-17,afternoon,take-out,67.0,22.33,6,3,0
4177,Downtown,2026-05-17,evening,delivery,17.0,3.4,5,5,0
4178,Downtown,2026-05-17,evening,dine-in,46.0,9.2,5,5,0
4179,Downtown,2026-05-17,evening,take-out,47.0,9.4,5,5,0
4180,Downtown,2026-05-18,afternoon,delivery,15.0,7.5,5,2,0
4181,Downtown,2026-05-18,afternoon,dine-in,28.0,14.0,5,2,0
4182,Downtown,2026-05-18,afternoon,take-out,31.0,15.5,5,2,0
4183,Downtown,2026-05-18,evening,delivery,11.0,11.0,4,1,0
4184,Downtown,2026-05-18,evening,dine-in,36.0,36.0,4,1,0
4185,Downtown,2026-05-18,evening,take-out,34.0,34.0,4,1,0
4186,Downtown,2026-05-18,morning,delivery,10.0,5.0,3,2,0
4187,Downtown,2026-05-18,morning,dine-in,31.0,15.5,3,2,0
4188,Downtown,2026-05-18,morning,take-out,24.0,12.0,3,2,0
4189,Downtown,2026-05-19,afternoon,delivery,14.0,7.0,5,2,0
4190,Downtown,2026-05-19,afternoon,dine-in,57.0,28.5,5,2,0
4191,Downtown,2026-05-19,afternoon,take-out,50.0,25.0,5,2,0
4192,Downtown,2026-05-19,evening,delivery,17.0,5.67,4,3,0
4193,Downtown,2026-05-19,evening,dine-in,20.0,6.67,4,3,0
4194,Downtown,2026-05-19,evening,take-out,40.0,13.33,4,3,0
4195,Downtown,2026-05-19,morning,delivery,2.0,2.0,3,1,0
4196,Downtown,2026-05-19,morning,dine-in,32.0,32.0,3,1,0
4197,Downtown,2026-05-19,morning,take-out,28.0,28.0,3,1,0
4198,Downtown,2026-05-20,afternoon,delivery,11.0,2.75,5,4,0
4199,Downtown,2026-05-20,afternoon,dine-in,47.0,11.75,5,4,0
4200,Downtown,2026-05-20,afternoon,take-out,22.0,5.5,5,4,0
4201,Downtown,2026-05-20,evening,delivery,11.0,5.5,4,2,0
4202,Downtown,2026-05-20,evening,dine-in,47.0,23.5,4,2,0
4203,Downtown,2026-05-20,evening,take-out,20.0,10.0,4,2,0
4204,Downtown,2026-05-20,morning,delivery,5.0,1.67,3,3,0
4205,Downtown,2026-05-20,morning,dine-in,30.0,10.0,3,3,0
4206,Downtown,2026-05-20,morning,take-out,14.0,4.67,3,3,0
4207,Downtown,2026-05-21,afternoon,delivery,12.0,6.0,5,2,0
4208,Downtown,2026-05-21,afternoon,dine-in,24.0,12.0,5,2,0
4209,Downtown,2026-05-21,afternoon,take-out,31.0,15.5,5,2,0
4210,Downtown,2026-05-21,evening,delivery,7.0,3.5,4,2,0
4211,Downtown,2026-05-21,evening,dine-in,40.0,20.0,4,2,0
4212,Downtown,2026-05-21,evening,take-out,33.0,16.5,4,2,0
4213,Downtown,2026-05-21,morning,delivery,7.0,7.0,3,1,0
4214,Downtown,2026-05-21,morning,dine-in,25.0,25.0,3,1,0
4215,Downtown,2026-05-21,morning,take-out,30.0,30.0,3,1,0
4216,Downtown,2026-05-22,afternoon,delivery,39.0,13.0,5,3,0
4217,Downtown,2026-05-22,afternoon,dine-in,40.0,13.33,5,3,0
4218,Downtown,2026-05-22,afternoon,take-out,30.0,10.0,5,3,0
4219,Downtown,2026-05-22,evening,delivery,19.0,9.5,4,2,0
4220,Downtown,2026-05-22,evening,dine-in,54.0,27.0,4,2,0
4221,Downtown,2026-05-22,evening,take-out,17.0,8.5,4,2,0
4222,Downtown,2026-05-22,morning,delivery,2.0,2.0,3,1,0
4223,Downtown,2026-05-22,morning,dine-in,21.0,21.0,3,1,0
4224,Downtown,2026-05-22,morning,take-out,24.0,24.0,3,1,0
4225,Downtown,2026-05-23,afternoon,delivery,25.0,8.33,6,3,0
4226,Downtown,2026-05-23,afternoon,dine-in,44.0,14.67,6,3,0
4227,Downtown,2026-05-23,afternoon,take-out,27.0,9.0,6,3,0
4228,Downtown,2026-05-23,evening,delivery,25.0,8.33,5,3,0
4229,Downtown,2026-05-23,evening,dine-in,30.0,10.0,5,3,0
4230,Downtown,2026-05-23,evening,take-out,45.0,15.0,5,3,0
4231,Downtown,2026-05-23,morning,delivery,16.0,8.0,4,2,0
4232,Downtown,2026-05-23,morning,dine-in,25.0,12.5,4,2,0
4233,Downtown,2026-05-23,morning,take-out,20.0,10.0,4,2,0
4234,Downtown,2026-05-24,afternoon,delivery,25.0,8.33,6,3,0
4235,Downtown,2026-05-24,afternoon,dine-in,55.0,18.33,6,3,0
4236,Downtown,2026-05-24,afternoon,take-out,65.0,21.67,6,3,0
4237,Downtown,2026-05-24,evening,delivery,28.0,7.0,5,4,0
4238,Downtown,2026-05-24,evening,dine-in,48.0,12.0,5,4,0
4239,Downtown,2026-05-24,evening,take-out,32.0,8.0,5,4,0
4240,Downtown,2026-05-24,morning,delivery,26.0,26.0,4,1,0
4241,Downtown,2026-05-24,morning,dine-in,28.0,28.0,4,1,0
4242,Downtown,2026-05-24,morning,take-out,25.0,25.0,4,1,0
4243,Downtown,2026-05-25,afternoon,delivery,12.0,3.0,5,4,0
4244,Downtown,2026-05-25,afternoon,dine-in,41.0,10.25,5,4,0
4245,Downtown,2026-05-25,afternoon,take-out,50.0,12.5,5,4,0
4246,Downtown,2026-05-25,evening,delivery,12.0,12.0,4,1,0
4247,Downtown,2026-05-25,evening,dine-in,27.0,27.0,4,1,0
4248,Downtown,2026-05-25,evening,take-out,26.0,26.0,4,1,0
4249,Downtown,2026-05-25,morning,delivery,23.0,7.67,3,3,0
4250,Downtown,2026-05-25,morning,dine-in,30.0,10.0,3,3,0
4251,Downtown,2026-05-25,morning,take-out,19.0,6.33,3,3,0
4252,Downtown,2026-05-26,afternoon,delivery,21.0,21.0,5,1,0
4253,Downtown,2026-05-26,afternoon,dine-in,38.0,38.0,5,1,0
4254,Downtown,2026-05-26,afternoon,take-out,34.0,34.0,5,1,0
4255,Downtown,2026-05-26,evening,delivery,13.0,13.0,4,1,0
4256,Downtown,2026-05-26,evening,dine-in,19.0,19.0,4,1,0
4257,Downtown,2026-05-26,evening,take-out,30.0,30.0,4,1,0
4258,Downtown,2026-05-26,morning,delivery,19.0,9.5,3,2,0
4259,Downtown,2026-05-26,morning,dine-in,19.0,9.5,3,2,0
4260,Downtown,2026-05-26,morning,take-out,20.0,10.0,3,2,0
4261,Downtown,2026-05-27,afternoon,delivery,18.0,9.0,5,2,0
4262,Downtown,2026-05-27,afternoon,dine-in,41.0,20.5,5,2,0
4263,Downtown,2026-05-27,afternoon,take-out,25.0,12.5,5,2,0
4264,Downtown,2026-05-27,evening,delivery,16.0,5.33,4,3,0
4265,Downtown,2026-05-27,evening,dine-in,40.0,13.33,4,3,0
4266,Downtown,2026-05-27,evening,take-out,30.0,10.0,4,3,0
4267,Downtown,2026-05-27,morning,delivery,16.0,5.33,3,3,0
4268,Downtown,2026-05-27,morning,dine-in,23.0,7.67,3,3,0
4269,Downtown,2026-05-27,morning,take-out,29.0,9.67,3,3,0
4270,Downtown,2026-05-28,afternoon,delivery,15.0,5.0,5,3,0
4271,Downtown,2026-05-28,afternoon,dine-in,33.0,11.0,5,3,0
4272,Downtown,2026-05-28,afternoon,take-out,39.0,13.0,5,3,0
4273,Downtown,2026-05-28,evening,delivery,22.0,11.0,4,2,0
4274,Downtown,2026-05-28,evening,dine-in,28.0,14.0,4,2,0
4275,Downtown,2026-05-28,evening,take-out,27.0,13.5,4,2,0
4276,Downtown,2026-05-28,morning,delivery,9.0,4.5,3,2,0
4277,Downtown,2026-05-28,morning,dine-in,33.0,16.5,3,2,0
4278,Downtown,2026-05-28,morning,take-out,16.0,8.0,3,2,0
4279,Downtown,2026-05-29,afternoon,delivery,19.0,4.75,5,4,0
4280,Downtown,2026-05-29,afternoon,dine-in,61.0,15.25,5,4,0
4281,Downtown,2026-05-29,afternoon,take-out,36.0,9.0,5,4,0
4282,Downtown,2026-05-29,evening,delivery,12.0,6.0,4,2,0
4283,Downtown,2026-05-29,evening,dine-in,36.0,18.0,4,2,0
4284,Downtown,2026-05-29,evening,take-out,38.0,19.0,4,2,0
4285,Downtown,2026-05-29,morning,delivery,8.0,2.67,3,3,0
4286,Downtown,2026-05-29,morning,dine-in,22.0,7.33,3,3,0
4287,Downtown,2026-05-29,morning,take-out,17.0,5.67,3,3,0
4288,Downtown,2026-05-30,afternoon,delivery,24.0,8.0,6,3,0
4289,Downtown,2026-05-30,afternoon,dine-in,49.0,16.33,6,3,0
4290,Downtown,2026-05-30,afternoon,take-out,42.0,14.0,6,3,0
4291,Downtown,2026-05-30,evening,delivery,14.0,7.0,5,2,0
4292,Downtown,2026-05-30,evening,dine-in,56.0,28.0,5,2,0
4293,Downtown,2026-05-30,evening,take-out,29.0,14.5,5,2,0
4294,Downtown,2026-05-30,morning,delivery,14.0,14.0,4,1,0
4295,Downtown,2026-05-30,morning,dine-in,22.0,22.0,4,1,0
4296,Downtown,2026-05-30,morning,take-out,26.0,26.0,4,1,0
4297,Downtown,2026-05-31,afternoon,delivery,29.0,9.67,6,3,0
4298,Downtown,2026-05-31,afternoon,dine-in,43.0,14.33,6,3,0
4299,Downtown,2026-05-31,afternoon,take-out,60.0,20.0,6,3,0
4300,Downtown,2026-05-31,evening,delivery,19.0,6.33,5,3,0
4301,Downtown,2026-05-31,evening,dine-in,29.0,9.67,5,3,0
4302,Downtown,2026-05-31,evening,take-out,34.0,11.33,5,3,0
4303,Downtown,2026-05-31,morning,delivery,10.0,5.0,4,2,0
4304,Downtown,2026-05-31,morning,dine-in,35.0,17.5,4,2,0
4305,Downtown,2026-05-31,morning,take-out,46.0,23.0,4,2,0
4306,Downtown,2026-06-01,afternoon,delivery,24.0,12.0,5,2,0
4307,Downtown,2026-06-01,afternoon,dine-in,45.0,22.5,5,2,0
4308,Downtown,2026-06-01,afternoon,take-out,50.0,25.0,5,2,0
4309,Downtown,2026-06-01,evening,delivery,20.0,6.67,4,3,0
4310,Downtown,2026-06-01,evening,dine-in,37.0,12.33,4,3,0
4311,Downtown,2026-06-01,evening,take-out,26.0,8.67,4,3,0
4312,Downtown,2026-06-01,morning,delivery,1.0,0.33,3,3,0
4313,Downtown,2026-06-01,morning,dine-in,37.0,12.33,3,3,0
4314,Downtown,2026-06-01,morning,take-out,23.0,7.67,3,3,0
4315,Downtown,2026-06-02,afternoon,delivery,27.0,13.5,5,2,0
4316,Downtown,2026-06-02,afternoon,dine-in,38.0,19.0,5,2,0
4317,Downtown,2026-06-02,afternoon,take-out,30.0,15.0,5,2,0
4318,Downtown,2026-06-02,evening,delivery,7.0,1.75,4,4,0
4319,Downtown,2026-06-02,evening,dine-in,52.0,13.0,4,4,0
4320,Downtown,2026-06-02,evening,take-out,33.0,8.25,4,4,0
4321,Downtown,2026-06-02,morning,delivery,10.0,10.0,3,1,0
4322,Downtown,2026-06-02,morning,dine-in,17.0,17.0,3,1,0
4323,Downtown,2026-06-02,morning,take-out,37.0,37.0,3,1,0
4324,Downtown,2026-06-03,afternoon,delivery,9.0,4.5,5,2,0
4325,Downtown,2026-06-03,afternoon,dine-in,50.0,25.0,5,2,0
4326,Downtown,2026-06-03,afternoon,take-out,26.0,13.0,5,2,0
4327,Downtown,2026-06-03,evening,delivery,38.0,38.0,4,1,0
4328,Downtown,2026-06-03,evening,dine-in,31.0,31.0,4,1,0
4329,Downtown,2026-06-03,evening,take-out,30.0,30.0,4,1,0
4330,Downtown,2026-06-03,morning,delivery,20.0,20.0,3,1,0
4331,Downtown,2026-06-03,morning,dine-in,22.0,22.0,3,1,0
4332,Downtown,2026-06-03,morning,take-out,23.0,23.0,3,1,0
4333,Downtown,2026-06-04,afternoon,delivery,23.0,5.75,5,4,0
4334,Downtown,2026-06-04,afternoon,dine-in,29.0,7.25,5,4,0
4335,Downtown,2026-06-04,afternoon,take-out,24.0,6.0,5,4,0
4336,Downtown,2026-06-04,evening,delivery,16.0,4.0,4,4,0
4337,Downtown,2026-06-04,evening,dine-in,51.0,12.75,4,4,0
4338,Downtown,2026-06-04,evening,take-out,38.0,9.5,4,4,0
4339,Downtown,2026-06-04,morning,delivery,7.0,3.5,3,2,0
4340,Downtown,2026-06-04,morning,dine-in,22.0,11.0,3,2,0
4341,Downtown,2026-06-04,morning,take-out,13.0,6.5,3,2,0
4342,Downtown,2026-06-05,afternoon,delivery,21.0,5.25,5,4,0
4343,Downtown,2026-06-05,afternoon,dine-in,48.0,12.0,5,4,0
4344,Downtown,2026-06-05,afternoon,take-out,40.0,10.0,5,4,0
4345,Downtown,2026-06-05,evening,delivery,8.0,4.0,4,2,0
4346,Downtown,2026-06-05,evening,dine-in,33.0,16.5,4,2,0
4347,Downtown,2026-06-05,evening,take-out,16.0,8.0,4,2,0
4348,Downtown,2026-06-05,morning,delivery,12.0,6.0,3,2,0
4349,Downtown,2026-06-05,morning,dine-in,29.0,14.5,3,2,0
4350,Downtown,2026-06-05,morning,take-out,16.0,8.0,3,2,0
4351,Downtown,2026-06-06,afternoon,delivery,22.0,7.33,6,3,0
4352,Downtown,2026-06-06,afternoon,dine-in,54.0,18.0,6,3,0
4353,Downtown,2026-06-06,afternoon,take-out,50.0,16.67,6,3,0
4354,Downtown,2026-06-06,evening,delivery,7.0,3.5,5,2,0
4355,Downtown,2026-06-06,evening,dine-in,29.0,14.5,5,2,0
4356,Downtown,2026-06-06,evening,take-out,37.0,18.5,5,2,0
4357,Downtown,2026-06-06,morning,delivery,11.0,5.5,4,2,0
4358,Downtown,2026-06-06,morning,dine-in,38.0,19.0,4,2,0
4359,Downtown,2026-06-06,morning,take-out,21.0,10.5,4,2,0
4360,Downtown,2026-06-07,afternoon,delivery,15.0,5.0,6,3,0
4361,Downtown,2026-06-07,afternoon,dine-in,47.0,15.67,6,3,0
4362,Downtown,2026-06-07,afternoon,take-out,56.0,18.67,6,3,0
4363,Downtown,2026-06-07,evening,delivery,18.0,6.0,5,3,0
4364,Downtown,2026-06-07,evening,dine-in,22.0,7.33,5,3,0
4365,Downtown,2026-06-07,evening,take-out,52.0,17.33,5,3,0
4366,Downtown,2026-06-07,morning,delivery,17.0,17.0,4,1,0
4367,Downtown,2026-06-07,morning,dine-in,34.0,34.0,4,1,0
4368,Downtown,2026-06-07,morning,take-out,20.0,20.0,4,1,0
4369,Downtown,2026-06-08,afternoon,delivery,20.0,5.0,5,4,0
4370,Downtown,2026-06-08,afternoon,dine-in,31.0,7.75,5,4,0
4371,Downtown,2026-06-08,afternoon,take-out,50.0,12.5,5,4,0
4372,Downtown,2026-06-08,evening,delivery,14.0,14.0,4,1,0
4373,Downtown,2026-06-08,evening,dine-in,32.0,32.0,4,1,0
4374,Downtown,2026-06-08,evening,take-out,19.0,19.0,4,1,0
4375,Downtown,2026-06-08,morning,delivery,10.0,10.0,3,1,0
4376,Downtown,2026-06-08,morning,dine-in,16.0,16.0,3,1,0
4377,Downtown,2026-06-08,morning,take-out,33.0,33.0,3,1,0
4378,Downtown,2026-06-09,afternoon,delivery,17.0,8.5,5,2,0
4379,Downtown,2026-06-09,afternoon,dine-in,26.0,13.0,5,2,0
4380,Downtown,2026-06-09,afternoon,take-out,47.0,23.5,5,2,0
4381,Downtown,2026-06-09,evening,delivery,16.0,8.0,4,2,0
4382,Downtown,2026-06-09,evening,dine-in,38.0,19.0,4,2,0
4383,Downtown,2026-06-09,evening,take-out,27.0,13.5,4,2,0
4384,Downtown,2026-06-09,morning,delivery,7.0,7.0,3,1,0
4385,Downtown,2026-06-09,morning,dine-in,23.0,23.0,3,1,0
4386,Downtown,2026-06-09,morning,take-out,36.0,36.0,3,1,0
4387,Downtown,2026-06-10,afternoon,delivery,23.0,7.67,5,3,0
4388,Downtown,2026-06-10,afternoon,dine-in,27.0,9.0,5,3,0
4389,Downtown,2026-06-10,afternoon,take-out,46.0,15.33,5,3,0
4390,Downtown,2026-06-10,morning,delivery,2.0,1.0,3,2,0
4391,Downtown,2026-06-10,morning,dine-in,28.0,14.0,3,2,0
4392,Downtown,2026-06-10,morning,take-out,31.0,15.5,3,2,0
4393,Downtown,2026-06-11,afternoon,delivery,15.0,7.5,5,2,0
4394,Downtown,2026-06-11,afternoon,dine-in,19.0,9.5,5,2,0
4395,Downtown,2026-06-11,afternoon,take-out,62.0,31.0,5,2,0
4396,Downtown,2026-06-11,evening,delivery,17.0,8.5,4,2,0
4397,Downtown,2026-06-11,evening,dine-in,54.0,27.0,4,2,0
4398,Downtown,2026-06-11,evening,take-out,17.0,8.5,4,2,0
4399,Downtown,2026-06-11,morning,delivery,8.0,8.0,3,1,0
4400,Downtown,2026-06-11,morning,dine-in,15.0,15.0,3,1,0
4401,Downtown,2026-06-11,morning,take-out,28.0,28.0,3,1,0
4402,Downtown,2026-06-12,afternoon,delivery,19.0,6.33,5,3,0
4403,Downtown,2026-06-12,afternoon,dine-in,42.0,14.0,5,3,0
4404,Downtown,2026-06-12,afternoon,take-out,57.0,19.0,5,3,0
4405,Downtown,2026-06-12,evening,delivery,11.0,3.67,4,3,0
4406,Downtown,2026-06-12,evening,dine-in,24.0,8.0,4,3,0
4407,Downtown,2026-06-12,evening,take-out,35.0,11.67,4,3,0
4408,Downtown,2026-06-13,afternoon,delivery,20.0,10.0,6,2,0
4409,Downtown,2026-06-13,afternoon,dine-in,40.0,20.0,6,2,0
4410,Downtown,2026-06-13,afternoon,take-out,52.0,26.0,6,2,0
4411,Downtown,2026-06-13,evening,delivery,26.0,8.67,5,3,0
4412,Downtown,2026-06-13,evening,dine-in,37.0,12.33,5,3,0
4413,Downtown,2026-06-13,evening,take-out,30.0,10.0,5,3,0
4414,Downtown,2026-06-13,morning,delivery,6.0,3.0,4,2,0
4415,Downtown,2026-06-13,morning,dine-in,30.0,15.0,4,2,0
4416,Downtown,2026-06-13,morning,take-out,9.0,4.5,4,2,0
4417,Downtown,2026-06-14,afternoon,delivery,28.0,7.0,6,4,0
4418,Downtown,2026-06-14,afternoon,dine-in,70.0,17.5,6,4,0
4419,Downtown,2026-06-14,afternoon,take-out,36.0,9.0,6,4,0
4420,Downtown,2026-06-14,evening,delivery,29.0,29.0,5,1,0
4421,Downtown,2026-06-14,evening,dine-in,55.0,55.0,5,1,0
4422,Downtown,2026-06-14,evening,take-out,41.0,41.0,5,1,0
4423,Downtown,2026-06-14,morning,delivery,15.0,7.5,4,2,0
4424,Downtown,2026-06-14,morning,dine-in,44.0,22.0,4,2,0
4425,Downtown,2026-06-14,morning,take-out,20.0,10.0,4,2,0
4426,Downtown,2026-06-15,afternoon,delivery,56.0,9.33,11,6,1
4427,Downtown,2026-06-15,afternoon,dine-in,149.0,24.83,11,6,1
4428,Downtown,2026-06-15,afternoon,take-out,131.0,21.83,11,6,1
4429,Downtown,2026-06-15,evening,delivery,31.0,7.75,9,4,1
4430,Downtown,2026-06-15,evening,dine-in,59.0,14.75,9,4,1
4431,Downtown,2026-06-15,evening,take-out,77.0,19.25,9,4,1
4432,Downtown,2026-06-15,morning,delivery,35.0,11.67,7,3,1
4433,Downtown,2026-06-15,morning,dine-in,60.0,20.0,7,3,1
4434,Downtown,2026-06-15,morning,take-out,70.0,23.33,7,3,1
4435,Downtown,2026-06-16,afternoon,delivery,32.0,10.67,5,3,0
4436,Downtown,2026-06-16,afternoon,dine-in,42.0,14.0,5,3,0
4437,Downtown,2026-06-16,afternoon,take-out,35.0,11.67,5,3,0
4438,Downtown,2026-06-16,evening,delivery,9.0,3.0,4,3,0
4439,Downtown,2026-06-16,evening,dine-in,53.0,17.67,4,3,0
4440,Downtown,2026-06-16,evening,take-out,24.0,8.0,4,3,0
4441,Downtown,2026-06-16,morning,delivery,9.0,4.5,3,2,0
4442,Downtown,2026-06-16,morning,dine-in,33.0,16.5,3,2,0
4443,Downtown,2026-06-16,morning,take-out,14.0,7.0,3,2,0
4444,Downtown,2026-06-17,afternoon,delivery,16.0,16.0,5,1,0
4445,Downtown,2026-06-17,afternoon,dine-in,33.0,33.0,5,1,0
4446,Downtown,2026-06-17,afternoon,take-out,41.0,41.0,5,1,0
4447,Downtown,2026-06-17,morning,delivery,24.0,12.0,3,2,0
4448,Downtown,2026-06-17,morning,dine-in,20.0,10.0,3,2,0
4449,Downtown,2026-06-17,morning,take-out,20.0,10.0,3,2,0
4450,Downtown,2026-06-18,afternoon,delivery,58.0,9.67,11,6,1
4451,Downtown,2026-06-18,afternoon,dine-in,118.0,19.67,11,6,1
4452,Downtown,2026-06-18,afternoon,take-out,138.0,23.0,11,6,1
4453,Downtown,2026-06-18,evening,delivery,30.0,5.0,9,6,1
4454,Downtown,2026-06-18,evening,dine-in,88.0,14.67,9,6,1
4455,Downtown,2026-06-18,evening,take-out,78.0,13.0,9,6,1
4456,Downtown,2026-06-18,morning,delivery,28.0,7.0,7,4,1
4457,Downtown,2026-06-18,morning,dine-in,83.0,20.75,7,4,1
4458,Downtown,2026-06-18,morning,take-out,57.0,14.25,7,4,1
4459,Downtown,2026-06-19,afternoon,delivery,24.0,8.0,5,3,0
4460,Downtown,2026-06-19,afternoon,dine-in,38.0,12.67,5,3,0
4461,Downtown,2026-06-19,afternoon,take-out,36.0,12.0,5,3,0
4462,Downtown,2026-06-19,evening,delivery,15.0,7.5,4,2,0
4463,Downtown,2026-06-19,evening,dine-in,32.0,16.0,4,2,0
4464,Downtown,2026-06-19,evening,take-out,46.0,23.0,4,2,0
4465,Downtown,2026-06-19,morning,delivery,11.0,5.5,3,2,0
4466,Downtown,2026-06-19,morning,dine-in,24.0,12.0,3,2,0
4467,Downtown,2026-06-19,morning,take-out,20.0,10.0,3,2,0
4468,Downtown,2026-06-20,afternoon,delivery,17.0,5.67,6,3,0
4469,Downtown,2026-06-20,afternoon,dine-in,66.0,22.0,6,3,0
4470,Downtown,2026-06-20,afternoon,take-out,43.0,14.33,6,3,0
4471,Downtown,2026-06-20,evening,delivery,19.0,19.0,5,1,0
4472,Downtown,2026-06-20,evening,dine-in,37.0,37.0,5,1,0
4473,Downtown,2026-06-20,evening,take-out,44.0,44.0,5,1,0
4474,Downtown,2026-06-20,morning,delivery,7.0,1.75,4,4,0
4475,Downtown,2026-06-20,morning,dine-in,45.0,11.25,4,4,0
4476,Downtown,2026-06-20,morning,take-out,27.0,6.75,4,4,0
4477,Downtown,2026-06-21,afternoon,delivery,92.0,18.4,11,5,1
4478,Downtown,2026-06-21,afternoon,dine-in,125.0,25.0,11,5,1
4479,Downtown,2026-06-21,afternoon,take-out,164.0,32.8,11,5,1
4480,Downtown,2026-06-21,evening,delivery,41.0,8.2,9,5,1
4481,Downtown,2026-06-21,evening,dine-in,72.0,14.4,9,5,1
4482,Downtown,2026-06-21,evening,take-out,92.0,18.4,9,5,1
4483,Downtown,2026-06-21,morning,delivery,42.0,8.4,7,5,1
4484,Downtown,2026-06-21,morning,dine-in,80.0,16.0,7,5,1
4485,Downtown,2026-06-21,morning,take-out,80.0,16.0,7,5,1
4486,Downtown,2026-06-22,afternoon,delivery,14.0,7.0,5,2,0
4487,Downtown,2026-06-22,afternoon,dine-in,32.0,16.0,5,2,0
4488,Downtown,2026-06-22,afternoon,take-out,46.0,23.0,5,2,0
4489,Downtown,2026-06-22,evening,delivery,17.0,8.5,4,2,0
4490,Downtown,2026-06-22,evening,dine-in,16.0,8.0,4,2,0
4491,Downtown,2026-06-22,evening,take-out,40.0,20.0,4,2,0
4492,Downtown,2026-06-22,morning,delivery,10.0,10.0,3,1,0
4493,Downtown,2026-06-22,morning,dine-in,17.0,17.0,3,1,0
4494,Downtown,2026-06-22,morning,take-out,18.0,18.0,3,1,0
4495,Downtown,2026-06-23,afternoon,delivery,11.0,5.5,5,2,0
4496,Downtown,2026-06-23,afternoon,dine-in,49.0,24.5,5,2,0
4497,Downtown,2026-06-23,afternoon,take-out,50.0,25.0,5,2,0
4498,Downtown,2026-06-23,evening,delivery,25.0,8.33,4,3,0
4499,Downtown,2026-06-23,evening,dine-in,25.0,8.33,4,3,0
4500,Downtown,2026-06-23,evening,take-out,33.0,11.0,4,3,0
4501,Downtown,2026-06-23,morning,delivery,14.0,4.67,3,3,0
4502,Downtown,2026-06-23,morning,dine-in,16.0,5.33,3,3,0
4503,Downtown,2026-06-23,morning,take-out,25.0,8.33,3,3,0
4504,Downtown,2026-06-24,afternoon,delivery,79.0,15.8,11,5,1
4505,Downtown,2026-06-24,afternoon,dine-in,102.0,20.4,11,5,1
4506,Downtown,2026-06-24,afternoon,take-out,124.0,24.8,11,5,1
4507,Downtown,2026-06-24,evening,delivery,57.0,8.14,9,7,1
4508,Downtown,2026-06-24,evening,dine-in,103.0,14.71,9,7,1
4509,Downtown,2026-06-24,evening,take-out,123.0,17.57,9,7,1
4510,Downtown,2026-06-24,morning,delivery,24.0,8.0,7,3,1
4511,Downtown,2026-06-24,morning,dine-in,34.0,11.33,7,3,1
4512,Downtown,2026-06-24,morning,take-out,54.0,18.0,7,3,1
4513,Downtown,2026-06-25,afternoon,delivery,23.0,7.67,5,3,0
4514,Downtown,2026-06-25,afternoon,dine-in,39.0,13.0,5,3,0
4515,Downtown,2026-06-25,afternoon,take-out,36.0,12.0,5,3,0
4516,Downtown,2026-06-25,evening,delivery,21.0,7.0,4,3,0
4517,Downtown,2026-06-25,evening,dine-in,32.0,10.67,4,3,0
4518,Downtown,2026-06-25,evening,take-out,28.0,9.33,4,3,0
4519,Downtown,2026-06-25,morning,delivery,16.0,16.0,3,1,0
4520,Downtown,2026-06-25,morning,dine-in,21.0,21.0,3,1,0
4521,Downtown,2026-06-25,morning,take-out,7.0,7.0,3,1,0
4522,Downtown,2026-06-26,afternoon,delivery,33.0,11.0,5,3,0
4523,Downtown,2026-06-26,afternoon,dine-in,32.0,10.67,5,3,0
4524,Downtown,2026-06-26,afternoon,take-out,27.0,9.0,5,3,0
4525,Downtown,2026-06-26,evening,delivery,15.0,3.75,4,4,0
4526,Downtown,2026-06-26,evening,dine-in,33.0,8.25,4,4,0
4527,Downtown,2026-06-26,evening,take-out,22.0,5.5,4,4,0
4528,Downtown,2026-06-26,morning,delivery,9.0,4.5,3,2,0
4529,Downtown,2026-06-26,morning,dine-in,22.0,11.0,3,2,0
4530,Downtown,2026-06-26,morning,take-out,29.0,14.5,3,2,0
4531,Downtown,2026-06-27,afternoon,delivery,76.0,19.0,11,4,1
4532,Downtown,2026-06-27,afternoon,dine-in,150.0,37.5,11,4,1
4533,Downtown,2026-06-27,afternoon,take-out,135.0,33.75,11,4,1
4534,Downtown,2026-06-27,evening,delivery,58.0,11.6,9,5,1
4535,Downtown,2026-06-27,evening,dine-in,107.0,21.4,9,5,1
4536,Downtown,2026-06-27,evening,take-out,139.0,27.8,9,5,1
4537,Downtown,2026-06-27,morning,delivery,35.0,8.75,7,4,1
4538,Downtown,2026-06-27,morning,dine-in,68.0,17.0,7,4,1
4539,Downtown,2026-06-27,morning,take-out,81.0,20.25,7,4,1
4540,Downtown,2026-06-28,afternoon,delivery,25.0,8.33,6,3,0
4541,Downtown,2026-06-28,afternoon,dine-in,44.0,14.67,6,3,0
4542,Downtown,2026-06-28,afternoon,take-out,49.0,16.33,6,3,0
4543,Downtown,2026-06-28,evening,delivery,13.0,6.5,5,2,0
4544,Downtown,2026-06-28,evening,dine-in,41.0,20.5,5,2,0
4545,Downtown,2026-06-28,evening,take-out,45.0,22.5,5,2,0
4546,Downtown,2026-06-28,morning,delivery,21.0,21.0,4,1,0
4547,Downtown,2026-06-28,morning,dine-in,19.0,19.0,4,1,0
4548,Downtown,2026-06-28,morning,take-out,27.0,27.0,4,1,0
4549,Downtown,2026-06-29,afternoon,delivery,13.0,6.5,5,2,0
4550,Downtown,2026-06-29,afternoon,dine-in,58.0,29.0,5,2,0
4551,Downtown,2026-06-29,afternoon,take-out,40.0,20.0,5,2,0
4552,Downtown,2026-06-29,evening,delivery,31.0,10.33,4,3,0
4553,Downtown,2026-06-29,evening,dine-in,29.0,9.67,4,3,0
4554,Downtown,2026-06-29,evening,take-out,27.0,9.0,4,3,0
4555,Downtown,2026-06-29,morning,delivery,11.0,3.67,3,3,0
4556,Downtown,2026-06-29,morning,dine-in,44.0,14.67,3,3,0
4557,Downtown,2026-06-29,morning,take-out,24.0,8.0,3,3,0
4558,Downtown,2026-06-30,afternoon,delivery,7.0,1.75,5,4,0
4559,Downtown,2026-06-30,afternoon,dine-in,44.0,11.0,5,4,0
4560,Downtown,2026-06-30,afternoon,take-out,28.0,7.0,5,4,0
4561,Downtown,2026-06-30,evening,delivery,22.0,7.33,4,3,0
4562,Downtown,2026-06-30,evening,dine-in,30.0,10.0,4,3,0
4563,Downtown,2026-06-30,evening,take-out,24.0,8.0,4,3,0
4564,Downtown,2026-06-30,morning,delivery,19.0,9.5,3,2,0
4565,Downtown,2026-06-30,morning,dine-in,31.0,15.5,3,2,0
4566,Downtown,2026-06-30,morning,take-out,15.0,7.5,3,2,0
4567,Duluth,2026-01-01,afternoon,delivery,24.0,12.0,5,2,0
4568,Duluth,2026-01-01,afternoon,dine-in,32.0,16.0,5,2,0
4569,Duluth,2026-01-01,afternoon,take-out,19.0,9.5,5,2,0
4570,Duluth,2026-01-01,evening,delivery,19.0,9.5,5,2,0
4571,Duluth,2026-01-01,evening,dine-in,13.0,6.5,5,2,0
4572,Duluth,2026-01-01,evening,take-out,44.0,22.0,5,2,0
4573,Duluth,2026-01-01,morning,delivery,8.0,4.0,4,2,0
4574,Duluth,2026-01-01,morning,dine-in,28.0,14.0,4,2,0
4575,Duluth,2026-01-01,morning,take-out,9.0,4.5,4,2,0
4576,Duluth,2026-01-02,afternoon,delivery,16.0,4.0,5,4,0
4577,Duluth,2026-01-02,afternoon,dine-in,43.0,10.75,5,4,0
4578,Duluth,2026-01-02,afternoon,take-out,41.0,10.25,5,4,0
4579,Duluth,2026-01-02,evening,delivery,19.0,6.33,5,3,0
4580,Duluth,2026-01-02,evening,dine-in,22.0,7.33,5,3,0
4581,Duluth,2026-01-02,evening,take-out,20.0,6.67,5,3,0
4582,Duluth,2026-01-02,morning,delivery,11.0,5.5,4,2,0
4583,Duluth,2026-01-02,morning,dine-in,22.0,11.0,4,2,0
4584,Duluth,2026-01-02,morning,take-out,15.0,7.5,4,2,0
4585,Duluth,2026-01-03,afternoon,delivery,10.0,2.5,6,4,0
4586,Duluth,2026-01-03,afternoon,dine-in,41.0,10.25,6,4,0
4587,Duluth,2026-01-03,afternoon,take-out,42.0,10.5,6,4,0
4588,Duluth,2026-01-03,evening,delivery,13.0,2.6,6,5,0
4589,Duluth,2026-01-03,evening,dine-in,23.0,4.6,6,5,0
4590,Duluth,2026-01-03,evening,take-out,32.0,6.4,6,5,0
4591,Duluth,2026-01-03,morning,delivery,6.0,3.0,4,2,0
4592,Duluth,2026-01-03,morning,dine-in,21.0,10.5,4,2,0
4593,Duluth,2026-01-03,morning,take-out,28.0,14.0,4,2,0
4594,Duluth,2026-01-04,afternoon,delivery,15.0,5.0,6,3,0
4595,Duluth,2026-01-04,afternoon,dine-in,38.0,12.67,6,3,0
4596,Duluth,2026-01-04,afternoon,take-out,41.0,13.67,6,3,0
4597,Duluth,2026-01-04,evening,delivery,12.0,3.0,6,4,0
4598,Duluth,2026-01-04,evening,dine-in,31.0,7.75,6,4,0
4599,Duluth,2026-01-04,evening,take-out,27.0,6.75,6,4,0
4600,Duluth,2026-01-04,morning,delivery,8.0,4.0,4,2,0
4601,Duluth,2026-01-04,morning,dine-in,20.0,10.0,4,2,0
4602,Duluth,2026-01-04,morning,take-out,23.0,11.5,4,2,0
4603,Duluth,2026-01-05,afternoon,delivery,16.0,5.33,5,3,0
4604,Duluth,2026-01-05,afternoon,dine-in,24.0,8.0,5,3,0
4605,Duluth,2026-01-05,afternoon,take-out,24.0,8.0,5,3,0
4606,Duluth,2026-01-05,evening,delivery,19.0,6.33,5,3,0
4607,Duluth,2026-01-05,evening,dine-in,11.0,3.67,5,3,0
4608,Duluth,2026-01-05,evening,take-out,28.0,9.33,5,3,0
4609,Duluth,2026-01-05,morning,delivery,9.0,9.0,4,1,0
4610,Duluth,2026-01-05,morning,dine-in,11.0,11.0,4,1,0
4611,Duluth,2026-01-05,morning,take-out,17.0,17.0,4,1,0
4612,Duluth,2026-01-06,afternoon,delivery,20.0,5.0,5,4,0
4613,Duluth,2026-01-06,afternoon,dine-in,24.0,6.0,5,4,0
4614,Duluth,2026-01-06,afternoon,take-out,38.0,9.5,5,4,0
4615,Duluth,2026-01-06,evening,delivery,18.0,4.5,5,4,0
4616,Duluth,2026-01-06,evening,dine-in,33.0,8.25,5,4,0
4617,Duluth,2026-01-06,evening,take-out,20.0,5.0,5,4,0
4618,Duluth,2026-01-06,morning,delivery,15.0,7.5,4,2,0
4619,Duluth,2026-01-06,morning,dine-in,9.0,4.5,4,2,0
4620,Duluth,2026-01-06,morning,take-out,12.0,6.0,4,2,0
4621,Duluth,2026-01-07,afternoon,delivery,13.0,3.25,5,4,0
4622,Duluth,2026-01-07,afternoon,dine-in,27.0,6.75,5,4,0
4623,Duluth,2026-01-07,afternoon,take-out,37.0,9.25,5,4,0
4624,Duluth,2026-01-07,evening,delivery,13.0,6.5,5,2,0
4625,Duluth,2026-01-07,evening,dine-in,21.0,10.5,5,2,0
4626,Duluth,2026-01-07,evening,take-out,30.0,15.0,5,2,0
4627,Duluth,2026-01-07,morning,delivery,15.0,7.5,4,2,0
4628,Duluth,2026-01-07,morning,dine-in,14.0,7.0,4,2,0
4629,Duluth,2026-01-07,morning,take-out,30.0,15.0,4,2,0
4630,Duluth,2026-01-08,afternoon,delivery,17.0,4.25,5,4,0
4631,Duluth,2026-01-08,afternoon,dine-in,23.0,5.75,5,4,0
4632,Duluth,2026-01-08,afternoon,take-out,29.0,7.25,5,4,0
4633,Duluth,2026-01-08,evening,delivery,13.0,4.33,5,3,0
4634,Duluth,2026-01-08,evening,dine-in,25.0,8.33,5,3,0
4635,Duluth,2026-01-08,evening,take-out,18.0,6.0,5,3,0
4636,Duluth,2026-01-08,morning,delivery,7.0,2.33,4,3,0
4637,Duluth,2026-01-08,morning,dine-in,7.0,2.33,4,3,0
4638,Duluth,2026-01-08,morning,take-out,30.0,10.0,4,3,0
4639,Duluth,2026-01-09,afternoon,delivery,9.0,3.0,5,3,0
4640,Duluth,2026-01-09,afternoon,dine-in,16.0,5.33,5,3,0
4641,Duluth,2026-01-09,afternoon,take-out,29.0,9.67,5,3,0
4642,Duluth,2026-01-09,evening,delivery,10.0,5.0,5,2,0
4643,Duluth,2026-01-09,evening,dine-in,16.0,8.0,5,2,0
4644,Duluth,2026-01-09,evening,take-out,25.0,12.5,5,2,0
4645,Duluth,2026-01-09,morning,delivery,9.0,4.5,4,2,0
4646,Duluth,2026-01-09,morning,dine-in,13.0,6.5,4,2,0
4647,Duluth,2026-01-09,morning,take-out,17.0,8.5,4,2,0
4648,Duluth,2026-01-10,afternoon,delivery,8.0,2.67,6,3,0
4649,Duluth,2026-01-10,afternoon,dine-in,50.0,16.67,6,3,0
4650,Duluth,2026-01-10,afternoon,take-out,46.0,15.33,6,3,0
4651,Duluth,2026-01-10,evening,delivery,15.0,7.5,6,2,0
4652,Duluth,2026-01-10,evening,dine-in,31.0,15.5,6,2,0
4653,Duluth,2026-01-10,evening,take-out,28.0,14.0,6,2,0
4654,Duluth,2026-01-10,morning,dine-in,23.0,7.67,4,3,0
4655,Duluth,2026-01-10,morning,take-out,27.0,9.0,4,3,0
4656,Duluth,2026-01-11,afternoon,delivery,19.0,4.75,6,4,0
4657,Duluth,2026-01-11,afternoon,dine-in,37.0,9.25,6,4,0
4658,Duluth,2026-01-11,afternoon,take-out,37.0,9.25,6,4,0
4659,Duluth,2026-01-11,evening,delivery,10.0,3.33,6,3,0
4660,Duluth,2026-01-11,evening,dine-in,27.0,9.0,6,3,0
4661,Duluth,2026-01-11,evening,take-out,28.0,9.33,6,3,0
4662,Duluth,2026-01-11,morning,delivery,2.0,2.0,4,1,0
4663,Duluth,2026-01-11,morning,dine-in,34.0,34.0,4,1,0
4664,Duluth,2026-01-11,morning,take-out,20.0,20.0,4,1,0
4665,Duluth,2026-01-12,afternoon,delivery,25.0,12.5,5,2,0
4666,Duluth,2026-01-12,afternoon,dine-in,27.0,13.5,5,2,0
4667,Duluth,2026-01-12,afternoon,take-out,31.0,15.5,5,2,0
4668,Duluth,2026-01-12,evening,delivery,11.0,3.67,5,3,0
4669,Duluth,2026-01-12,evening,dine-in,31.0,10.33,5,3,0
4670,Duluth,2026-01-12,evening,take-out,17.0,5.67,5,3,0
4671,Duluth,2026-01-12,morning,delivery,7.0,3.5,4,2,0
4672,Duluth,2026-01-12,morning,dine-in,18.0,9.0,4,2,0
4673,Duluth,2026-01-12,morning,take-out,27.0,13.5,4,2,0
4674,Duluth,2026-01-13,afternoon,delivery,13.0,4.33,5,3,0
4675,Duluth,2026-01-13,afternoon,dine-in,42.0,14.0,5,3,0
4676,Duluth,2026-01-13,afternoon,take-out,35.0,11.67,5,3,0
4677,Duluth,2026-01-13,evening,delivery,12.0,4.0,5,3,0
4678,Duluth,2026-01-13,evening,dine-in,23.0,7.67,5,3,0
4679,Duluth,2026-01-13,evening,take-out,29.0,9.67,5,3,0
4680,Duluth,2026-01-13,morning,delivery,9.0,4.5,4,2,0
4681,Duluth,2026-01-13,morning,dine-in,21.0,10.5,4,2,0
4682,Duluth,2026-01-13,morning,take-out,14.0,7.0,4,2,0
4683,Duluth,2026-01-14,afternoon,delivery,22.0,7.33,5,3,0
4684,Duluth,2026-01-14,afternoon,dine-in,32.0,10.67,5,3,0
4685,Duluth,2026-01-14,afternoon,take-out,24.0,8.0,5,3,0
4686,Duluth,2026-01-14,evening,delivery,18.0,9.0,5,2,0
4687,Duluth,2026-01-14,evening,dine-in,20.0,10.0,5,2,0
4688,Duluth,2026-01-14,evening,take-out,23.0,11.5,5,2,0
4689,Duluth,2026-01-14,morning,delivery,16.0,5.33,4,3,0
4690,Duluth,2026-01-14,morning,dine-in,11.0,3.67,4,3,0
4691,Duluth,2026-01-14,morning,take-out,12.0,4.0,4,3,0
4692,Duluth,2026-01-15,afternoon,delivery,7.0,7.0,5,1,0
4693,Duluth,2026-01-15,afternoon,dine-in,45.0,45.0,5,1,0
4694,Duluth,2026-01-15,afternoon,take-out,25.0,25.0,5,1,0
4695,Duluth,2026-01-15,evening,delivery,10.0,2.5,5,4,0
4696,Duluth,2026-01-15,evening,dine-in,29.0,7.25,5,4,0
4697,Duluth,2026-01-15,evening,take-out,24.0,6.0,5,4,0
4698,Duluth,2026-01-15,morning,delivery,3.0,1.5,4,2,0
4699,Duluth,2026-01-15,morning,dine-in,12.0,6.0,4,2,0
4700,Duluth,2026-01-15,morning,take-out,21.0,10.5,4,2,0
4701,Duluth,2026-01-16,afternoon,delivery,8.0,2.67,5,3,0
4702,Duluth,2026-01-16,afternoon,dine-in,35.0,11.67,5,3,0
4703,Duluth,2026-01-16,afternoon,take-out,45.0,15.0,5,3,0
4704,Duluth,2026-01-16,evening,delivery,17.0,8.5,5,2,0
4705,Duluth,2026-01-16,evening,dine-in,16.0,8.0,5,2,0
4706,Duluth,2026-01-16,evening,take-out,20.0,10.0,5,2,0
4707,Duluth,2026-01-16,morning,delivery,5.0,5.0,4,1,0
4708,Duluth,2026-01-16,morning,dine-in,17.0,17.0,4,1,0
4709,Duluth,2026-01-16,morning,take-out,29.0,29.0,4,1,0
4710,Duluth,2026-01-17,afternoon,delivery,11.0,3.67,6,3,0
4711,Duluth,2026-01-17,afternoon,dine-in,26.0,8.67,6,3,0
4712,Duluth,2026-01-17,afternoon,take-out,41.0,13.67,6,3,0
4713,Duluth,2026-01-17,evening,delivery,19.0,3.8,6,5,0
4714,Duluth,2026-01-17,evening,dine-in,30.0,6.0,6,5,0
4715,Duluth,2026-01-17,evening,take-out,20.0,4.0,6,5,0
4716,Duluth,2026-01-17,morning,delivery,6.0,3.0,4,2,0
4717,Duluth,2026-01-17,morning,dine-in,15.0,7.5,4,2,0
4718,Duluth,2026-01-17,morning,take-out,23.0,11.5,4,2,0
4719,Duluth,2026-01-18,afternoon,delivery,14.0,7.0,6,2,0
4720,Duluth,2026-01-18,afternoon,dine-in,35.0,17.5,6,2,0
4721,Duluth,2026-01-18,afternoon,take-out,24.0,12.0,6,2,0
4722,Duluth,2026-01-18,evening,delivery,11.0,2.75,6,4,0
4723,Duluth,2026-01-18,evening,dine-in,26.0,6.5,6,4,0
4724,Duluth,2026-01-18,evening,take-out,25.0,6.25,6,4,0
4725,Duluth,2026-01-18,morning,delivery,9.0,3.0,4,3,0
4726,Duluth,2026-01-18,morning,dine-in,32.0,10.67,4,3,0
4727,Duluth,2026-01-18,morning,take-out,21.0,7.0,4,3,0
4728,Duluth,2026-01-19,afternoon,delivery,22.0,5.5,5,4,0
4729,Duluth,2026-01-19,afternoon,dine-in,30.0,7.5,5,4,0
4730,Duluth,2026-01-19,afternoon,take-out,27.0,6.75,5,4,0
4731,Duluth,2026-01-19,evening,delivery,5.0,2.5,5,2,0
4732,Duluth,2026-01-19,evening,dine-in,27.0,13.5,5,2,0
4733,Duluth,2026-01-19,evening,take-out,18.0,9.0,5,2,0
4734,Duluth,2026-01-19,morning,delivery,15.0,5.0,4,3,0
4735,Duluth,2026-01-19,morning,dine-in,25.0,8.33,4,3,0
4736,Duluth,2026-01-19,morning,take-out,8.0,2.67,4,3,0
4737,Duluth,2026-01-20,afternoon,delivery,22.0,22.0,5,1,0
4738,Duluth,2026-01-20,afternoon,dine-in,24.0,24.0,5,1,0
4739,Duluth,2026-01-20,afternoon,take-out,41.0,41.0,5,1,0
4740,Duluth,2026-01-20,evening,delivery,16.0,5.33,5,3,0
4741,Duluth,2026-01-20,evening,dine-in,40.0,13.33,5,3,0
4742,Duluth,2026-01-20,evening,take-out,23.0,7.67,5,3,0
4743,Duluth,2026-01-20,morning,delivery,6.0,3.0,4,2,0
4744,Duluth,2026-01-20,morning,dine-in,20.0,10.0,4,2,0
4745,Duluth,2026-01-20,morning,take-out,29.0,14.5,4,2,0
4746,Duluth,2026-01-21,afternoon,delivery,28.0,7.0,5,4,0
4747,Duluth,2026-01-21,afternoon,dine-in,17.0,4.25,5,4,0
4748,Duluth,2026-01-21,afternoon,take-out,40.0,10.0,5,4,0
4749,Duluth,2026-01-21,evening,delivery,8.0,2.67,5,3,0
4750,Duluth,2026-01-21,evening,dine-in,33.0,11.0,5,3,0
4751,Duluth,2026-01-21,evening,take-out,9.0,3.0,5,3,0
4752,Duluth,2026-01-21,morning,delivery,13.0,4.33,4,3,0
4753,Duluth,2026-01-21,morning,dine-in,7.0,2.33,4,3,0
4754,Duluth,2026-01-21,morning,take-out,26.0,8.67,4,3,0
4755,Duluth,2026-01-22,afternoon,delivery,11.0,3.67,5,3,0
4756,Duluth,2026-01-22,afternoon,dine-in,44.0,14.67,5,3,0
4757,Duluth,2026-01-22,afternoon,take-out,28.0,9.33,5,3,0
4758,Duluth,2026-01-22,evening,delivery,6.0,2.0,5,3,0
4759,Duluth,2026-01-22,evening,dine-in,37.0,12.33,5,3,0
4760,Duluth,2026-01-22,evening,take-out,26.0,8.67,5,3,0
4761,Duluth,2026-01-22,morning,delivery,8.0,2.67,4,3,0
4762,Duluth,2026-01-22,morning,dine-in,9.0,3.0,4,3,0
4763,Duluth,2026-01-22,morning,take-out,27.0,9.0,4,3,0
4764,Duluth,2026-01-23,afternoon,delivery,9.0,3.0,5,3,0
4765,Duluth,2026-01-23,afternoon,dine-in,37.0,12.33,5,3,0
4766,Duluth,2026-01-23,afternoon,take-out,33.0,11.0,5,3,0
4767,Duluth,2026-01-23,evening,delivery,16.0,5.33,5,3,0
4768,Duluth,2026-01-23,evening,dine-in,22.0,7.33,5,3,0
4769,Duluth,2026-01-23,evening,take-out,24.0,8.0,5,3,0
4770,Duluth,2026-01-23,morning,delivery,10.0,2.5,4,4,0
4771,Duluth,2026-01-23,morning,dine-in,24.0,6.0,4,4,0
4772,Duluth,2026-01-23,morning,take-out,12.0,3.0,4,4,0
4773,Duluth,2026-01-24,afternoon,delivery,25.0,8.33,6,3,0
4774,Duluth,2026-01-24,afternoon,dine-in,28.0,9.33,6,3,0
4775,Duluth,2026-01-24,afternoon,take-out,28.0,9.33,6,3,0
4776,Duluth,2026-01-24,evening,delivery,20.0,6.67,6,3,0
4777,Duluth,2026-01-24,evening,dine-in,17.0,5.67,6,3,0
4778,Duluth,2026-01-24,evening,take-out,28.0,9.33,6,3,0
4779,Duluth,2026-01-24,morning,delivery,6.0,3.0,4,2,0
4780,Duluth,2026-01-24,morning,dine-in,29.0,14.5,4,2,0
4781,Duluth,2026-01-24,morning,take-out,28.0,14.0,4,2,0
4782,Duluth,2026-01-25,afternoon,delivery,25.0,8.33,6,3,0
4783,Duluth,2026-01-25,afternoon,dine-in,38.0,12.67,6,3,0
4784,Duluth,2026-01-25,afternoon,take-out,32.0,10.67,6,3,0
4785,Duluth,2026-01-25,evening,delivery,10.0,2.0,6,5,0
4786,Duluth,2026-01-25,evening,dine-in,19.0,3.8,6,5,0
4787,Duluth,2026-01-25,evening,take-out,25.0,5.0,6,5,0
4788,Duluth,2026-01-25,morning,delivery,21.0,21.0,4,1,0
4789,Duluth,2026-01-25,morning,dine-in,27.0,27.0,4,1,0
4790,Duluth,2026-01-25,morning,take-out,14.0,14.0,4,1,0
4791,Duluth,2026-01-26,afternoon,delivery,20.0,6.67,5,3,0
4792,Duluth,2026-01-26,afternoon,dine-in,37.0,12.33,5,3,0
4793,Duluth,2026-01-26,afternoon,take-out,19.0,6.33,5,3,0
4794,Duluth,2026-01-26,evening,delivery,8.0,4.0,5,2,0
4795,Duluth,2026-01-26,evening,dine-in,17.0,8.5,5,2,0
4796,Duluth,2026-01-26,evening,take-out,29.0,14.5,5,2,0
4797,Duluth,2026-01-26,morning,delivery,5.0,5.0,4,1,0
4798,Duluth,2026-01-26,morning,dine-in,18.0,18.0,4,1,0
4799,Duluth,2026-01-26,morning,take-out,17.0,17.0,4,1,0
4800,Duluth,2026-01-27,afternoon,delivery,17.0,8.5,5,2,0
4801,Duluth,2026-01-27,afternoon,dine-in,15.0,7.5,5,2,0
4802,Duluth,2026-01-27,afternoon,take-out,45.0,22.5,5,2,0
4803,Duluth,2026-01-27,evening,delivery,2.0,1.0,5,2,0
4804,Duluth,2026-01-27,evening,dine-in,17.0,8.5,5,2,0
4805,Duluth,2026-01-27,evening,take-out,34.0,17.0,5,2,0
4806,Duluth,2026-01-27,morning,delivery,8.0,2.67,4,3,0
4807,Duluth,2026-01-27,morning,dine-in,17.0,5.67,4,3,0
4808,Duluth,2026-01-27,morning,take-out,20.0,6.67,4,3,0
4809,Duluth,2026-01-28,afternoon,delivery,8.0,4.0,5,2,0
4810,Duluth,2026-01-28,afternoon,dine-in,22.0,11.0,5,2,0
4811,Duluth,2026-01-28,afternoon,take-out,37.0,18.5,5,2,0
4812,Duluth,2026-01-28,evening,delivery,9.0,1.8,5,5,0
4813,Duluth,2026-01-28,evening,dine-in,33.0,6.6,5,5,0
4814,Duluth,2026-01-28,evening,take-out,23.0,4.6,5,5,0
4815,Duluth,2026-01-28,morning,delivery,7.0,3.5,4,2,0
4816,Duluth,2026-01-28,morning,dine-in,20.0,10.0,4,2,0
4817,Duluth,2026-01-28,morning,take-out,21.0,10.5,4,2,0
4818,Duluth,2026-01-29,afternoon,delivery,13.0,13.0,5,1,0
4819,Duluth,2026-01-29,afternoon,dine-in,44.0,44.0,5,1,0
4820,Duluth,2026-01-29,afternoon,take-out,27.0,27.0,5,1,0
4821,Duluth,2026-01-29,evening,delivery,9.0,2.25,5,4,0
4822,Duluth,2026-01-29,evening,dine-in,20.0,5.0,5,4,0
4823,Duluth,2026-01-29,evening,take-out,17.0,4.25,5,4,0
4824,Duluth,2026-01-29,morning,delivery,17.0,5.67,4,3,0
4825,Duluth,2026-01-29,morning,dine-in,22.0,7.33,4,3,0
4826,Duluth,2026-01-29,morning,take-out,9.0,3.0,4,3,0
4827,Duluth,2026-01-30,afternoon,delivery,19.0,4.75,5,4,0
4828,Duluth,2026-01-30,afternoon,dine-in,23.0,5.75,5,4,0
4829,Duluth,2026-01-30,afternoon,take-out,22.0,5.5,5,4,0
4830,Duluth,2026-01-30,evening,delivery,15.0,3.75,5,4,0
4831,Duluth,2026-01-30,evening,dine-in,20.0,5.0,5,4,0
4832,Duluth,2026-01-30,evening,take-out,13.0,3.25,5,4,0
4833,Duluth,2026-01-30,morning,delivery,11.0,5.5,4,2,0
4834,Duluth,2026-01-30,morning,dine-in,16.0,8.0,4,2,0
4835,Duluth,2026-01-30,morning,take-out,15.0,7.5,4,2,0
4836,Duluth,2026-01-31,afternoon,delivery,11.0,2.2,6,5,0
4837,Duluth,2026-01-31,afternoon,dine-in,45.0,9.0,6,5,0
4838,Duluth,2026-01-31,afternoon,take-out,38.0,7.6,6,5,0
4839,Duluth,2026-01-31,evening,delivery,9.0,9.0,6,1,0
4840,Duluth,2026-01-31,evening,dine-in,38.0,38.0,6,1,0
4841,Duluth,2026-01-31,evening,take-out,29.0,29.0,6,1,0
4842,Duluth,2026-01-31,morning,delivery,12.0,4.0,4,3,0
4843,Duluth,2026-01-31,morning,dine-in,24.0,8.0,4,3,0
4844,Duluth,2026-01-31,morning,take-out,25.0,8.33,4,3,0
4845,Duluth,2026-02-01,afternoon,delivery,20.0,6.67,6,3,0
4846,Duluth,2026-02-01,afternoon,dine-in,22.0,7.33,6,3,0
4847,Duluth,2026-02-01,afternoon,take-out,46.0,15.33,6,3,0
4848,Duluth,2026-02-01,evening,delivery,10.0,2.0,6,5,0
4849,Duluth,2026-02-01,evening,dine-in,36.0,7.2,6,5,0
4850,Duluth,2026-02-01,evening,take-out,24.0,4.8,6,5,0
4851,Duluth,2026-02-01,morning,delivery,6.0,1.5,4,4,0
4852,Duluth,2026-02-01,morning,dine-in,21.0,5.25,4,4,0
4853,Duluth,2026-02-01,morning,take-out,37.0,9.25,4,4,0
4854,Duluth,2026-02-02,afternoon,delivery,14.0,4.67,5,3,0
4855,Duluth,2026-02-02,afternoon,dine-in,46.0,15.33,5,3,0
4856,Duluth,2026-02-02,afternoon,take-out,47.0,15.67,5,3,0
4857,Duluth,2026-02-02,evening,delivery,8.0,2.67,5,3,0
4858,Duluth,2026-02-02,evening,dine-in,23.0,7.67,5,3,0
4859,Duluth,2026-02-02,evening,take-out,27.0,9.0,5,3,0
4860,Duluth,2026-02-02,morning,delivery,6.0,2.0,4,3,0
4861,Duluth,2026-02-02,morning,dine-in,24.0,8.0,4,3,0
4862,Duluth,2026-02-02,morning,take-out,17.0,5.67,4,3,0
4863,Duluth,2026-02-03,afternoon,delivery,13.0,6.5,5,2,0
4864,Duluth,2026-02-03,afternoon,dine-in,24.0,12.0,5,2,0
4865,Duluth,2026-02-03,afternoon,take-out,19.0,9.5,5,2,0
4866,Duluth,2026-02-03,evening,delivery,12.0,6.0,5,2,0
4867,Duluth,2026-02-03,evening,dine-in,18.0,9.0,5,2,0
4868,Duluth,2026-02-03,evening,take-out,23.0,11.5,5,2,0
4869,Duluth,2026-02-03,morning,delivery,6.0,3.0,4,2,0
4870,Duluth,2026-02-03,morning,dine-in,30.0,15.0,4,2,0
4871,Duluth,2026-02-03,morning,take-out,15.0,7.5,4,2,0
4872,Duluth,2026-02-04,afternoon,delivery,17.0,5.67,5,3,0
4873,Duluth,2026-02-04,afternoon,dine-in,30.0,10.0,5,3,0
4874,Duluth,2026-02-04,afternoon,take-out,32.0,10.67,5,3,0
4875,Duluth,2026-02-04,evening,delivery,13.0,3.25,5,4,0
4876,Duluth,2026-02-04,evening,dine-in,16.0,4.0,5,4,0
4877,Duluth,2026-02-04,evening,take-out,18.0,4.5,5,4,0
4878,Duluth,2026-02-04,morning,delivery,9.0,4.5,4,2,0
4879,Duluth,2026-02-04,morning,dine-in,11.0,5.5,4,2,0
4880,Duluth,2026-02-04,morning,take-out,25.0,12.5,4,2,0
4881,Duluth,2026-02-05,afternoon,delivery,9.0,3.0,5,3,0
4882,Duluth,2026-02-05,afternoon,dine-in,35.0,11.67,5,3,0
4883,Duluth,2026-02-05,afternoon,take-out,30.0,10.0,5,3,0
4884,Duluth,2026-02-05,evening,delivery,9.0,4.5,5,2,0
4885,Duluth,2026-02-05,evening,dine-in,16.0,8.0,5,2,0
4886,Duluth,2026-02-05,evening,take-out,19.0,9.5,5,2,0
4887,Duluth,2026-02-05,morning,delivery,7.0,3.5,4,2,0
4888,Duluth,2026-02-05,morning,dine-in,17.0,8.5,4,2,0
4889,Duluth,2026-02-05,morning,take-out,38.0,19.0,4,2,0
4890,Duluth,2026-02-06,afternoon,delivery,21.0,5.25,5,4,0
4891,Duluth,2026-02-06,afternoon,dine-in,29.0,7.25,5,4,0
4892,Duluth,2026-02-06,afternoon,take-out,44.0,11.0,5,4,0
4893,Duluth,2026-02-06,evening,delivery,12.0,3.0,5,4,0
4894,Duluth,2026-02-06,evening,dine-in,17.0,4.25,5,4,0
4895,Duluth,2026-02-06,evening,take-out,31.0,7.75,5,4,0
4896,Duluth,2026-02-06,morning,delivery,6.0,6.0,4,1,0
4897,Duluth,2026-02-06,morning,dine-in,18.0,18.0,4,1,0
4898,Duluth,2026-02-06,morning,take-out,10.0,10.0,4,1,0
4899,Duluth,2026-02-07,afternoon,delivery,20.0,5.0,6,4,0
4900,Duluth,2026-02-07,afternoon,dine-in,29.0,7.25,6,4,0
4901,Duluth,2026-02-07,afternoon,take-out,50.0,12.5,6,4,0
4902,Duluth,2026-02-07,evening,delivery,15.0,5.0,6,3,0
4903,Duluth,2026-02-07,evening,dine-in,33.0,11.0,6,3,0
4904,Duluth,2026-02-07,evening,take-out,37.0,12.33,6,3,0
4905,Duluth,2026-02-07,morning,delivery,15.0,15.0,4,1,0
4906,Duluth,2026-02-07,morning,dine-in,40.0,40.0,4,1,0
4907,Duluth,2026-02-07,morning,take-out,24.0,24.0,4,1,0
4908,Duluth,2026-02-08,afternoon,delivery,20.0,6.67,6,3,0
4909,Duluth,2026-02-08,afternoon,dine-in,46.0,15.33,6,3,0
4910,Duluth,2026-02-08,afternoon,take-out,25.0,8.33,6,3,0
4911,Duluth,2026-02-08,evening,delivery,25.0,8.33,6,3,0
4912,Duluth,2026-02-08,evening,dine-in,23.0,7.67,6,3,0
4913,Duluth,2026-02-08,evening,take-out,40.0,13.33,6,3,0
4914,Duluth,2026-02-08,morning,delivery,10.0,3.33,4,3,0
4915,Duluth,2026-02-08,morning,dine-in,25.0,8.33,4,3,0
4916,Duluth,2026-02-08,morning,take-out,26.0,8.67,4,3,0
4917,Duluth,2026-02-09,afternoon,delivery,11.0,5.5,5,2,0
4918,Duluth,2026-02-09,afternoon,dine-in,28.0,14.0,5,2,0
4919,Duluth,2026-02-09,afternoon,take-out,35.0,17.5,5,2,0
4920,Duluth,2026-02-09,evening,delivery,15.0,7.5,5,2,0
4921,Duluth,2026-02-09,evening,dine-in,22.0,11.0,5,2,0
4922,Duluth,2026-02-09,evening,take-out,15.0,7.5,5,2,0
4923,Duluth,2026-02-09,morning,delivery,12.0,12.0,4,1,0
4924,Duluth,2026-02-09,morning,dine-in,23.0,23.0,4,1,0
4925,Duluth,2026-02-09,morning,take-out,23.0,23.0,4,1,0
4926,Duluth,2026-02-10,afternoon,delivery,8.0,2.0,5,4,0
4927,Duluth,2026-02-10,afternoon,dine-in,36.0,9.0,5,4,0
4928,Duluth,2026-02-10,afternoon,take-out,30.0,7.5,5,4,0
4929,Duluth,2026-02-10,evening,delivery,3.0,1.5,5,2,0
4930,Duluth,2026-02-10,evening,dine-in,36.0,18.0,5,2,0
4931,Duluth,2026-02-10,evening,take-out,14.0,7.0,5,2,0
4932,Duluth,2026-02-10,morning,delivery,6.0,6.0,4,1,0
4933,Duluth,2026-02-10,morning,dine-in,13.0,13.0,4,1,0
4934,Duluth,2026-02-10,morning,take-out,19.0,19.0,4,1,0
4935,Duluth,2026-02-11,afternoon,delivery,9.0,9.0,5,1,0
4936,Duluth,2026-02-11,afternoon,dine-in,36.0,36.0,5,1,0
4937,Duluth,2026-02-11,afternoon,take-out,40.0,40.0,5,1,0
4938,Duluth,2026-02-11,evening,delivery,16.0,5.33,5,3,0
4939,Duluth,2026-02-11,evening,dine-in,22.0,7.33,5,3,0
4940,Duluth,2026-02-11,evening,take-out,29.0,9.67,5,3,0
4941,Duluth,2026-02-11,morning,delivery,9.0,3.0,4,3,0
4942,Duluth,2026-02-11,morning,dine-in,20.0,6.67,4,3,0
4943,Duluth,2026-02-11,morning,take-out,26.0,8.67,4,3,0
4944,Duluth,2026-02-12,afternoon,delivery,21.0,7.0,5,3,0
4945,Duluth,2026-02-12,afternoon,dine-in,29.0,9.67,5,3,0
4946,Duluth,2026-02-12,afternoon,take-out,19.0,6.33,5,3,0
4947,Duluth,2026-02-12,evening,delivery,4.0,1.0,5,4,0
4948,Duluth,2026-02-12,evening,dine-in,22.0,5.5,5,4,0
4949,Duluth,2026-02-12,evening,take-out,27.0,6.75,5,4,0
4950,Duluth,2026-02-12,morning,delivery,16.0,8.0,4,2,0
4951,Duluth,2026-02-12,morning,dine-in,13.0,6.5,4,2,0
4952,Duluth,2026-02-12,morning,take-out,18.0,9.0,4,2,0
4953,Duluth,2026-02-13,afternoon,delivery,12.0,3.0,5,4,0
4954,Duluth,2026-02-13,afternoon,dine-in,26.0,6.5,5,4,0
4955,Duluth,2026-02-13,afternoon,take-out,38.0,9.5,5,4,0
4956,Duluth,2026-02-13,evening,delivery,25.0,8.33,5,3,0
4957,Duluth,2026-02-13,evening,dine-in,16.0,5.33,5,3,0
4958,Duluth,2026-02-13,evening,take-out,34.0,11.33,5,3,0
4959,Duluth,2026-02-14,afternoon,delivery,14.0,3.5,6,4,0
4960,Duluth,2026-02-14,afternoon,dine-in,29.0,7.25,6,4,0
4961,Duluth,2026-02-14,afternoon,take-out,34.0,8.5,6,4,0
4962,Duluth,2026-02-14,evening,delivery,21.0,5.25,6,4,0
4963,Duluth,2026-02-14,evening,dine-in,25.0,6.25,6,4,0
4964,Duluth,2026-02-14,evening,take-out,34.0,8.5,6,4,0
4965,Duluth,2026-02-14,morning,delivery,9.0,3.0,4,3,0
4966,Duluth,2026-02-14,morning,dine-in,21.0,7.0,4,3,0
4967,Duluth,2026-02-14,morning,take-out,26.0,8.67,4,3,0
4968,Duluth,2026-02-15,afternoon,delivery,6.0,2.0,6,3,0
4969,Duluth,2026-02-15,afternoon,dine-in,33.0,11.0,6,3,0
4970,Duluth,2026-02-15,afternoon,take-out,61.0,20.33,6,3,0
4971,Duluth,2026-02-15,evening,delivery,20.0,4.0,6,5,0
4972,Duluth,2026-02-15,evening,dine-in,22.0,4.4,6,5,0
4973,Duluth,2026-02-15,evening,take-out,30.0,6.0,6,5,0
4974,Duluth,2026-02-15,morning,delivery,18.0,18.0,4,1,0
4975,Duluth,2026-02-15,morning,dine-in,25.0,25.0,4,1,0
4976,Duluth,2026-02-15,morning,take-out,17.0,17.0,4,1,0
4977,Duluth,2026-02-16,afternoon,delivery,7.0,2.33,5,3,0
4978,Duluth,2026-02-16,afternoon,dine-in,44.0,14.67,5,3,0
4979,Duluth,2026-02-16,afternoon,take-out,25.0,8.33,5,3,0
4980,Duluth,2026-02-16,morning,delivery,6.0,1.5,4,4,0
4981,Duluth,2026-02-16,morning,dine-in,17.0,4.25,4,4,0
4982,Duluth,2026-02-16,morning,take-out,26.0,6.5,4,4,0
4983,Duluth,2026-02-17,afternoon,delivery,13.0,4.33,5,3,0
4984,Duluth,2026-02-17,afternoon,dine-in,37.0,12.33,5,3,0
4985,Duluth,2026-02-17,afternoon,take-out,42.0,14.0,5,3,0
4986,Duluth,2026-02-17,evening,delivery,16.0,4.0,5,4,0
4987,Duluth,2026-02-17,evening,dine-in,32.0,8.0,5,4,0
4988,Duluth,2026-02-17,evening,take-out,16.0,4.0,5,4,0
4989,Duluth,2026-02-17,morning,delivery,6.0,3.0,4,2,0
4990,Duluth,2026-02-17,morning,dine-in,13.0,6.5,4,2,0
4991,Duluth,2026-02-17,morning,take-out,16.0,8.0,4,2,0
4992,Duluth,2026-02-18,afternoon,delivery,17.0,5.67,5,3,0
4993,Duluth,2026-02-18,afternoon,dine-in,29.0,9.67,5,3,0
4994,Duluth,2026-02-18,afternoon,take-out,40.0,13.33,5,3,0
4995,Duluth,2026-02-18,evening,delivery,13.0,2.6,5,5,0
4996,Duluth,2026-02-18,evening,dine-in,25.0,5.0,5,5,0
4997,Duluth,2026-02-18,evening,take-out,17.0,3.4,5,5,0
4998,Duluth,2026-02-18,morning,delivery,3.0,1.5,4,2,0
4999,Duluth,2026-02-18,morning,dine-in,21.0,10.5,4,2,0
5000,Duluth,2026-02-18,morning,take-out,13.0,6.5,4,2,0
5001,Duluth,2026-02-19,afternoon,delivery,8.0,2.0,5,4,0
5002,Duluth,2026-02-19,afternoon,dine-in,26.0,6.5,5,4,0
5003,Duluth,2026-02-19,afternoon,take-out,41.0,10.25,5,4,0
5004,Duluth,2026-02-19,evening,delivery,12.0,3.0,5,4,0
5005,Duluth,2026-02-19,evening,dine-in,23.0,5.75,5,4,0
5006,Duluth,2026-02-19,evening,take-out,18.0,4.5,5,4,0
5007,Duluth,2026-02-19,morning,delivery,9.0,4.5,4,2,0
5008,Duluth,2026-02-19,morning,dine-in,9.0,4.5,4,2,0
5009,Duluth,2026-02-19,morning,take-out,22.0,11.0,4,2,0
5010,Duluth,2026-02-20,afternoon,delivery,12.0,4.0,5,3,0
5011,Duluth,2026-02-20,afternoon,dine-in,35.0,11.67,5,3,0
5012,Duluth,2026-02-20,afternoon,take-out,26.0,8.67,5,3,0
5013,Duluth,2026-02-20,evening,delivery,8.0,2.67,5,3,0
5014,Duluth,2026-02-20,evening,dine-in,18.0,6.0,5,3,0
5015,Duluth,2026-02-20,evening,take-out,32.0,10.67,5,3,0
5016,Duluth,2026-02-20,morning,delivery,8.0,4.0,4,2,0
5017,Duluth,2026-02-20,morning,dine-in,16.0,8.0,4,2,0
5018,Duluth,2026-02-20,morning,take-out,19.0,9.5,4,2,0
5019,Duluth,2026-02-21,afternoon,delivery,14.0,4.67,6,3,0
5020,Duluth,2026-02-21,afternoon,dine-in,56.0,18.67,6,3,0
5021,Duluth,2026-02-21,afternoon,take-out,29.0,9.67,6,3,0
5022,Duluth,2026-02-21,evening,delivery,7.0,1.75,6,4,0
5023,Duluth,2026-02-21,evening,dine-in,26.0,6.5,6,4,0
5024,Duluth,2026-02-21,evening,take-out,20.0,5.0,6,4,0
5025,Duluth,2026-02-21,morning,delivery,13.0,4.33,4,3,0
5026,Duluth,2026-02-21,morning,dine-in,32.0,10.67,4,3,0
5027,Duluth,2026-02-21,morning,take-out,25.0,8.33,4,3,0
5028,Duluth,2026-02-22,afternoon,delivery,15.0,5.0,6,3,0
5029,Duluth,2026-02-22,afternoon,dine-in,59.0,19.67,6,3,0
5030,Duluth,2026-02-22,afternoon,take-out,32.0,10.67,6,3,0
5031,Duluth,2026-02-22,evening,delivery,21.0,5.25,6,4,0
5032,Duluth,2026-02-22,evening,dine-in,17.0,4.25,6,4,0
5033,Duluth,2026-02-22,evening,take-out,35.0,8.75,6,4,0
5034,Duluth,2026-02-22,morning,delivery,13.0,6.5,4,2,0
5035,Duluth,2026-02-22,morning,dine-in,19.0,9.5,4,2,0
5036,Duluth,2026-02-22,morning,take-out,15.0,7.5,4,2,0
5037,Duluth,2026-02-23,afternoon,delivery,18.0,9.0,5,2,0
5038,Duluth,2026-02-23,afternoon,dine-in,30.0,15.0,5,2,0
5039,Duluth,2026-02-23,afternoon,take-out,36.0,18.0,5,2,0
5040,Duluth,2026-02-23,evening,delivery,4.0,1.33,5,3,0
5041,Duluth,2026-02-23,evening,dine-in,26.0,8.67,5,3,0
5042,Duluth,2026-02-23,evening,take-out,26.0,8.67,5,3,0
5043,Duluth,2026-02-23,morning,delivery,4.0,4.0,4,1,0
5044,Duluth,2026-02-23,morning,dine-in,18.0,18.0,4,1,0
5045,Duluth,2026-02-23,morning,take-out,29.0,29.0,4,1,0
5046,Duluth,2026-02-24,afternoon,delivery,15.0,5.0,5,3,0
5047,Duluth,2026-02-24,afternoon,dine-in,33.0,11.0,5,3,0
5048,Duluth,2026-02-24,afternoon,take-out,25.0,8.33,5,3,0
5049,Duluth,2026-02-24,evening,delivery,29.0,9.67,5,3,0
5050,Duluth,2026-02-24,evening,dine-in,11.0,3.67,5,3,0
5051,Duluth,2026-02-24,evening,take-out,21.0,7.0,5,3,0
5052,Duluth,2026-02-24,morning,delivery,9.0,9.0,4,1,0
5053,Duluth,2026-02-24,morning,dine-in,24.0,24.0,4,1,0
5054,Duluth,2026-02-24,morning,take-out,18.0,18.0,4,1,0
5055,Duluth,2026-02-25,afternoon,delivery,21.0,7.0,5,3,0
5056,Duluth,2026-02-25,afternoon,dine-in,18.0,6.0,5,3,0
5057,Duluth,2026-02-25,afternoon,take-out,29.0,9.67,5,3,0
5058,Duluth,2026-02-25,evening,delivery,6.0,3.0,5,2,0
5059,Duluth,2026-02-25,evening,dine-in,17.0,8.5,5,2,0
5060,Duluth,2026-02-25,evening,take-out,25.0,12.5,5,2,0
5061,Duluth,2026-02-25,morning,delivery,12.0,6.0,4,2,0
5062,Duluth,2026-02-25,morning,dine-in,30.0,15.0,4,2,0
5063,Duluth,2026-02-25,morning,take-out,4.0,2.0,4,2,0
5064,Duluth,2026-02-26,afternoon,delivery,16.0,8.0,5,2,0
5065,Duluth,2026-02-26,afternoon,dine-in,29.0,14.5,5,2,0
5066,Duluth,2026-02-26,afternoon,take-out,39.0,19.5,5,2,0
5067,Duluth,2026-02-26,evening,delivery,6.0,3.0,5,2,0
5068,Duluth,2026-02-26,evening,dine-in,23.0,11.5,5,2,0
5069,Duluth,2026-02-26,evening,take-out,27.0,13.5,5,2,0
5070,Duluth,2026-02-26,morning,delivery,8.0,2.67,4,3,0
5071,Duluth,2026-02-26,morning,dine-in,24.0,8.0,4,3,0
5072,Duluth,2026-02-26,morning,take-out,15.0,5.0,4,3,0
5073,Duluth,2026-02-27,afternoon,delivery,10.0,10.0,5,1,0
5074,Duluth,2026-02-27,afternoon,dine-in,36.0,36.0,5,1,0
5075,Duluth,2026-02-27,afternoon,take-out,38.0,38.0,5,1,0
5076,Duluth,2026-02-27,evening,delivery,14.0,3.5,5,4,0
5077,Duluth,2026-02-27,evening,dine-in,13.0,3.25,5,4,0
5078,Duluth,2026-02-27,evening,take-out,32.0,8.0,5,4,0
5079,Duluth,2026-02-27,morning,delivery,6.0,2.0,4,3,0
5080,Duluth,2026-02-27,morning,dine-in,26.0,8.67,4,3,0
5081,Duluth,2026-02-27,morning,take-out,8.0,2.67,4,3,0
5082,Duluth,2026-02-28,afternoon,delivery,24.0,4.8,6,5,0
5083,Duluth,2026-02-28,afternoon,dine-in,33.0,6.6,6,5,0
5084,Duluth,2026-02-28,afternoon,take-out,54.0,10.8,6,5,0
5085,Duluth,2026-02-28,evening,delivery,4.0,2.0,6,2,0
5086,Duluth,2026-02-28,evening,dine-in,26.0,13.0,6,2,0
5087,Duluth,2026-02-28,evening,take-out,34.0,17.0,6,2,0
5088,Duluth,2026-02-28,morning,delivery,14.0,14.0,4,1,0
5089,Duluth,2026-02-28,morning,dine-in,23.0,23.0,4,1,0
5090,Duluth,2026-02-28,morning,take-out,26.0,26.0,4,1,0
5091,Duluth,2026-03-01,afternoon,delivery,23.0,7.67,6,3,0
5092,Duluth,2026-03-01,afternoon,dine-in,29.0,9.67,6,3,0
5093,Duluth,2026-03-01,afternoon,take-out,37.0,12.33,6,3,0
5094,Duluth,2026-03-01,evening,delivery,22.0,7.33,6,3,0
5095,Duluth,2026-03-01,evening,dine-in,29.0,9.67,6,3,0
5096,Duluth,2026-03-01,evening,take-out,20.0,6.67,6,3,0
5097,Duluth,2026-03-01,morning,delivery,10.0,10.0,4,1,0
5098,Duluth,2026-03-01,morning,dine-in,15.0,15.0,4,1,0
5099,Duluth,2026-03-01,morning,take-out,10.0,10.0,4,1,0
5100,Duluth,2026-03-02,afternoon,delivery,12.0,4.0,5,3,0
5101,Duluth,2026-03-02,afternoon,dine-in,45.0,15.0,5,3,0
5102,Duluth,2026-03-02,afternoon,take-out,17.0,5.67,5,3,0
5103,Duluth,2026-03-02,evening,delivery,10.0,5.0,5,2,0
5104,Duluth,2026-03-02,evening,dine-in,41.0,20.5,5,2,0
5105,Duluth,2026-03-02,evening,take-out,23.0,11.5,5,2,0
5106,Duluth,2026-03-02,morning,delivery,10.0,5.0,4,2,0
5107,Duluth,2026-03-02,morning,dine-in,25.0,12.5,4,2,0
5108,Duluth,2026-03-02,morning,take-out,12.0,6.0,4,2,0
5109,Duluth,2026-03-03,afternoon,delivery,15.0,5.0,5,3,0
5110,Duluth,2026-03-03,afternoon,dine-in,25.0,8.33,5,3,0
5111,Duluth,2026-03-03,afternoon,take-out,47.0,15.67,5,3,0
5112,Duluth,2026-03-03,evening,delivery,8.0,2.0,5,4,0
5113,Duluth,2026-03-03,evening,dine-in,27.0,6.75,5,4,0
5114,Duluth,2026-03-03,evening,take-out,37.0,9.25,5,4,0
5115,Duluth,2026-03-03,morning,delivery,2.0,1.0,4,2,0
5116,Duluth,2026-03-03,morning,dine-in,18.0,9.0,4,2,0
5117,Duluth,2026-03-03,morning,take-out,19.0,9.5,4,2,0
5118,Duluth,2026-03-04,afternoon,delivery,14.0,3.5,5,4,0
5119,Duluth,2026-03-04,afternoon,dine-in,31.0,7.75,5,4,0
5120,Duluth,2026-03-04,afternoon,take-out,25.0,6.25,5,4,0
5121,Duluth,2026-03-04,evening,delivery,21.0,5.25,5,4,0
5122,Duluth,2026-03-04,evening,dine-in,22.0,5.5,5,4,0
5123,Duluth,2026-03-04,evening,take-out,25.0,6.25,5,4,0
5124,Duluth,2026-03-04,morning,delivery,3.0,1.5,4,2,0
5125,Duluth,2026-03-04,morning,dine-in,31.0,15.5,4,2,0
5126,Duluth,2026-03-04,morning,take-out,10.0,5.0,4,2,0
5127,Duluth,2026-03-05,afternoon,delivery,14.0,7.0,5,2,0
5128,Duluth,2026-03-05,afternoon,dine-in,33.0,16.5,5,2,0
5129,Duluth,2026-03-05,afternoon,take-out,36.0,18.0,5,2,0
5130,Duluth,2026-03-05,evening,delivery,6.0,1.2,5,5,0
5131,Duluth,2026-03-05,evening,dine-in,26.0,5.2,5,5,0
5132,Duluth,2026-03-05,evening,take-out,22.0,4.4,5,5,0
5133,Duluth,2026-03-05,morning,delivery,12.0,4.0,4,3,0
5134,Duluth,2026-03-05,morning,dine-in,16.0,5.33,4,3,0
5135,Duluth,2026-03-05,morning,take-out,20.0,6.67,4,3,0
5136,Duluth,2026-03-06,afternoon,delivery,12.0,3.0,5,4,0
5137,Duluth,2026-03-06,afternoon,dine-in,31.0,7.75,5,4,0
5138,Duluth,2026-03-06,afternoon,take-out,24.0,6.0,5,4,0
5139,Duluth,2026-03-06,evening,delivery,13.0,6.5,5,2,0
5140,Duluth,2026-03-06,evening,dine-in,24.0,12.0,5,2,0
5141,Duluth,2026-03-06,evening,take-out,25.0,12.5,5,2,0
5142,Duluth,2026-03-06,morning,delivery,8.0,4.0,4,2,0
5143,Duluth,2026-03-06,morning,dine-in,10.0,5.0,4,2,0
5144,Duluth,2026-03-06,morning,take-out,36.0,18.0,4,2,0
5145,Duluth,2026-03-07,afternoon,delivery,15.0,3.75,6,4,0
5146,Duluth,2026-03-07,afternoon,dine-in,38.0,9.5,6,4,0
5147,Duluth,2026-03-07,afternoon,take-out,32.0,8.0,6,4,0
5148,Duluth,2026-03-07,evening,delivery,21.0,4.2,6,5,0
5149,Duluth,2026-03-07,evening,dine-in,21.0,4.2,6,5,0
5150,Duluth,2026-03-07,evening,take-out,28.0,5.6,6,5,0
5151,Duluth,2026-03-07,morning,delivery,6.0,6.0,4,1,0
5152,Duluth,2026-03-07,morning,dine-in,17.0,17.0,4,1,0
5153,Duluth,2026-03-07,morning,take-out,23.0,23.0,4,1,0
5154,Duluth,2026-03-08,afternoon,delivery,17.0,5.67,6,3,0
5155,Duluth,2026-03-08,afternoon,dine-in,35.0,11.67,6,3,0
5156,Duluth,2026-03-08,afternoon,take-out,44.0,14.67,6,3,0
5157,Duluth,2026-03-08,evening,delivery,10.0,10.0,6,1,0
5158,Duluth,2026-03-08,evening,dine-in,33.0,33.0,6,1,0
5159,Duluth,2026-03-08,evening,take-out,34.0,34.0,6,1,0
5160,Duluth,2026-03-08,morning,delivery,10.0,2.5,4,4,0
5161,Duluth,2026-03-08,morning,dine-in,23.0,5.75,4,4,0
5162,Duluth,2026-03-08,morning,take-out,34.0,8.5,4,4,0
5163,Duluth,2026-03-09,afternoon,delivery,31.0,10.33,5,3,0
5164,Duluth,2026-03-09,afternoon,dine-in,26.0,8.67,5,3,0
5165,Duluth,2026-03-09,afternoon,take-out,17.0,5.67,5,3,0
5166,Duluth,2026-03-09,evening,delivery,32.0,8.0,5,4,0
5167,Duluth,2026-03-09,evening,dine-in,18.0,4.5,5,4,0
5168,Duluth,2026-03-09,evening,take-out,18.0,4.5,5,4,0
5169,Duluth,2026-03-09,morning,delivery,13.0,13.0,4,1,0
5170,Duluth,2026-03-09,morning,dine-in,26.0,26.0,4,1,0
5171,Duluth,2026-03-09,morning,take-out,22.0,22.0,4,1,0
5172,Duluth,2026-03-10,afternoon,delivery,10.0,5.0,5,2,0
5173,Duluth,2026-03-10,afternoon,dine-in,28.0,14.0,5,2,0
5174,Duluth,2026-03-10,afternoon,take-out,30.0,15.0,5,2,0
5175,Duluth,2026-03-10,evening,delivery,8.0,2.67,5,3,0
5176,Duluth,2026-03-10,evening,dine-in,41.0,13.67,5,3,0
5177,Duluth,2026-03-10,evening,take-out,21.0,7.0,5,3,0
5178,Duluth,2026-03-10,morning,delivery,15.0,5.0,4,3,0
5179,Duluth,2026-03-10,morning,dine-in,16.0,5.33,4,3,0
5180,Duluth,2026-03-10,morning,take-out,17.0,5.67,4,3,0
5181,Duluth,2026-03-11,afternoon,delivery,20.0,10.0,5,2,0
5182,Duluth,2026-03-11,afternoon,dine-in,35.0,17.5,5,2,0
5183,Duluth,2026-03-11,afternoon,take-out,24.0,12.0,5,2,0
5184,Duluth,2026-03-11,evening,delivery,13.0,6.5,5,2,0
5185,Duluth,2026-03-11,evening,dine-in,20.0,10.0,5,2,0
5186,Duluth,2026-03-11,evening,take-out,23.0,11.5,5,2,0
5187,Duluth,2026-03-11,morning,dine-in,24.0,24.0,4,1,0
5188,Duluth,2026-03-11,morning,take-out,17.0,17.0,4,1,0
5189,Duluth,2026-03-12,afternoon,delivery,8.0,4.0,5,2,0
5190,Duluth,2026-03-12,afternoon,dine-in,49.0,24.5,5,2,0
5191,Duluth,2026-03-12,afternoon,take-out,39.0,19.5,5,2,0
5192,Duluth,2026-03-12,evening,delivery,12.0,6.0,5,2,0
5193,Duluth,2026-03-12,evening,dine-in,26.0,13.0,5,2,0
5194,Duluth,2026-03-12,evening,take-out,27.0,13.5,5,2,0
5195,Duluth,2026-03-12,morning,delivery,13.0,6.5,4,2,0
5196,Duluth,2026-03-12,morning,dine-in,9.0,4.5,4,2,0
5197,Duluth,2026-03-12,morning,take-out,20.0,10.0,4,2,0
5198,Duluth,2026-03-13,afternoon,delivery,9.0,9.0,5,1,0
5199,Duluth,2026-03-13,afternoon,dine-in,35.0,35.0,5,1,0
5200,Duluth,2026-03-13,afternoon,take-out,35.0,35.0,5,1,0
5201,Duluth,2026-03-13,evening,delivery,10.0,2.5,5,4,0
5202,Duluth,2026-03-13,evening,dine-in,26.0,6.5,5,4,0
5203,Duluth,2026-03-13,evening,take-out,13.0,3.25,5,4,0
5204,Duluth,2026-03-13,morning,delivery,10.0,3.33,4,3,0
5205,Duluth,2026-03-13,morning,dine-in,32.0,10.67,4,3,0
5206,Duluth,2026-03-13,morning,take-out,9.0,3.0,4,3,0
5207,Duluth,2026-03-14,afternoon,delivery,10.0,2.5,6,4,0
5208,Duluth,2026-03-14,afternoon,dine-in,38.0,9.5,6,4,0
5209,Duluth,2026-03-14,afternoon,take-out,37.0,9.25,6,4,0
5210,Duluth,2026-03-14,evening,delivery,30.0,15.0,6,2,0
5211,Duluth,2026-03-14,evening,dine-in,12.0,6.0,6,2,0
5212,Duluth,2026-03-14,evening,take-out,21.0,10.5,6,2,0
5213,Duluth,2026-03-14,morning,delivery,19.0,9.5,4,2,0
5214,Duluth,2026-03-14,morning,dine-in,16.0,8.0,4,2,0
5215,Duluth,2026-03-14,morning,take-out,22.0,11.0,4,2,0
5216,Duluth,2026-03-15,afternoon,delivery,11.0,5.5,6,2,0
5217,Duluth,2026-03-15,afternoon,dine-in,30.0,15.0,6,2,0
5218,Duluth,2026-03-15,afternoon,take-out,42.0,21.0,6,2,0
5219,Duluth,2026-03-15,evening,delivery,14.0,3.5,6,4,0
5220,Duluth,2026-03-15,evening,dine-in,31.0,7.75,6,4,0
5221,Duluth,2026-03-15,evening,take-out,24.0,6.0,6,4,0
5222,Duluth,2026-03-15,morning,delivery,12.0,6.0,4,2,0
5223,Duluth,2026-03-15,morning,dine-in,13.0,6.5,4,2,0
5224,Duluth,2026-03-15,morning,take-out,24.0,12.0,4,2,0
5225,Duluth,2026-03-16,afternoon,delivery,6.0,6.0,5,1,0
5226,Duluth,2026-03-16,afternoon,dine-in,32.0,32.0,5,1,0
5227,Duluth,2026-03-16,afternoon,take-out,32.0,32.0,5,1,0
5228,Duluth,2026-03-16,evening,delivery,3.0,1.5,5,2,0
5229,Duluth,2026-03-16,evening,dine-in,27.0,13.5,5,2,0
5230,Duluth,2026-03-16,evening,take-out,12.0,6.0,5,2,0
5231,Duluth,2026-03-16,morning,delivery,10.0,5.0,4,2,0
5232,Duluth,2026-03-16,morning,dine-in,21.0,10.5,4,2,0
5233,Duluth,2026-03-16,morning,take-out,18.0,9.0,4,2,0
5234,Duluth,2026-03-17,afternoon,delivery,17.0,17.0,5,1,0
5235,Duluth,2026-03-17,afternoon,dine-in,52.0,52.0,5,1,0
5236,Duluth,2026-03-17,afternoon,take-out,17.0,17.0,5,1,0
5237,Duluth,2026-03-17,evening,delivery,10.0,5.0,5,2,0
5238,Duluth,2026-03-17,evening,dine-in,36.0,18.0,5,2,0
5239,Duluth,2026-03-17,evening,take-out,24.0,12.0,5,2,0
5240,Duluth,2026-03-17,morning,delivery,4.0,2.0,4,2,0
5241,Duluth,2026-03-17,morning,dine-in,32.0,16.0,4,2,0
5242,Duluth,2026-03-17,morning,take-out,17.0,8.5,4,2,0
5243,Duluth,2026-03-18,afternoon,delivery,16.0,4.0,5,4,0
5244,Duluth,2026-03-18,afternoon,dine-in,28.0,7.0,5,4,0
5245,Duluth,2026-03-18,afternoon,take-out,30.0,7.5,5,4,0
5246,Duluth,2026-03-18,evening,delivery,12.0,4.0,5,3,0
5247,Duluth,2026-03-18,evening,dine-in,27.0,9.0,5,3,0
5248,Duluth,2026-03-18,evening,take-out,19.0,6.33,5,3,0
5249,Duluth,2026-03-18,morning,delivery,8.0,4.0,4,2,0
5250,Duluth,2026-03-18,morning,dine-in,17.0,8.5,4,2,0
5251,Duluth,2026-03-18,morning,take-out,26.0,13.0,4,2,0
5252,Duluth,2026-03-19,afternoon,delivery,19.0,4.75,5,4,0
5253,Duluth,2026-03-19,afternoon,dine-in,31.0,7.75,5,4,0
5254,Duluth,2026-03-19,afternoon,take-out,35.0,8.75,5,4,0
5255,Duluth,2026-03-19,evening,delivery,14.0,14.0,5,1,0
5256,Duluth,2026-03-19,evening,dine-in,19.0,19.0,5,1,0
5257,Duluth,2026-03-19,evening,take-out,21.0,21.0,5,1,0
5258,Duluth,2026-03-19,morning,delivery,8.0,4.0,4,2,0
5259,Duluth,2026-03-19,morning,dine-in,27.0,13.5,4,2,0
5260,Duluth,2026-03-19,morning,take-out,15.0,7.5,4,2,0
5261,Duluth,2026-03-20,afternoon,delivery,10.0,2.0,5,5,0
5262,Duluth,2026-03-20,afternoon,dine-in,29.0,5.8,5,5,0
5263,Duluth,2026-03-20,afternoon,take-out,43.0,8.6,5,5,0
5264,Duluth,2026-03-20,evening,delivery,5.0,5.0,5,1,0
5265,Duluth,2026-03-20,evening,dine-in,38.0,38.0,5,1,0
5266,Duluth,2026-03-20,evening,take-out,20.0,20.0,5,1,0
5267,Duluth,2026-03-20,morning,delivery,8.0,4.0,4,2,0
5268,Duluth,2026-03-20,morning,dine-in,11.0,5.5,4,2,0
5269,Duluth,2026-03-20,morning,take-out,23.0,11.5,4,2,0
5270,Duluth,2026-03-21,afternoon,delivery,14.0,4.67,6,3,0
5271,Duluth,2026-03-21,afternoon,dine-in,27.0,9.0,6,3,0
5272,Duluth,2026-03-21,afternoon,take-out,57.0,19.0,6,3,0
5273,Duluth,2026-03-21,evening,delivery,16.0,8.0,6,2,0
5274,Duluth,2026-03-21,evening,dine-in,23.0,11.5,6,2,0
5275,Duluth,2026-03-21,evening,take-out,32.0,16.0,6,2,0
5276,Duluth,2026-03-22,afternoon,delivery,10.0,2.0,6,5,0
5277,Duluth,2026-03-22,afternoon,dine-in,59.0,11.8,6,5,0
5278,Duluth,2026-03-22,afternoon,take-out,40.0,8.0,6,5,0
5279,Duluth,2026-03-22,evening,delivery,3.0,0.6,6,5,0
5280,Duluth,2026-03-22,evening,dine-in,28.0,5.6,6,5,0
5281,Duluth,2026-03-22,evening,take-out,38.0,7.6,6,5,0
5282,Duluth,2026-03-22,morning,delivery,10.0,10.0,4,1,0
5283,Duluth,2026-03-22,morning,dine-in,19.0,19.0,4,1,0
5284,Duluth,2026-03-22,morning,take-out,18.0,18.0,4,1,0
5285,Duluth,2026-03-23,afternoon,delivery,9.0,3.0,5,3,0
5286,Duluth,2026-03-23,afternoon,dine-in,30.0,10.0,5,3,0
5287,Duluth,2026-03-23,afternoon,take-out,36.0,12.0,5,3,0
5288,Duluth,2026-03-23,evening,delivery,5.0,1.67,5,3,0
5289,Duluth,2026-03-23,evening,dine-in,12.0,4.0,5,3,0
5290,Duluth,2026-03-23,evening,take-out,31.0,10.33,5,3,0
5291,Duluth,2026-03-23,morning,delivery,2.0,1.0,4,2,0
5292,Duluth,2026-03-23,morning,dine-in,15.0,7.5,4,2,0
5293,Duluth,2026-03-23,morning,take-out,19.0,9.5,4,2,0
5294,Duluth,2026-03-24,afternoon,delivery,13.0,4.33,5,3,0
5295,Duluth,2026-03-24,afternoon,dine-in,36.0,12.0,5,3,0
5296,Duluth,2026-03-24,afternoon,take-out,17.0,5.67,5,3,0
5297,Duluth,2026-03-24,evening,delivery,12.0,4.0,5,3,0
5298,Duluth,2026-03-24,evening,dine-in,20.0,6.67,5,3,0
5299,Duluth,2026-03-24,evening,take-out,34.0,11.33,5,3,0
5300,Duluth,2026-03-24,morning,delivery,8.0,4.0,4,2,0
5301,Duluth,2026-03-24,morning,dine-in,9.0,4.5,4,2,0
5302,Duluth,2026-03-24,morning,take-out,25.0,12.5,4,2,0
5303,Duluth,2026-03-25,afternoon,delivery,13.0,6.5,5,2,0
5304,Duluth,2026-03-25,afternoon,dine-in,32.0,16.0,5,2,0
5305,Duluth,2026-03-25,afternoon,take-out,36.0,18.0,5,2,0
5306,Duluth,2026-03-25,evening,delivery,7.0,7.0,5,1,0
5307,Duluth,2026-03-25,evening,dine-in,20.0,20.0,5,1,0
5308,Duluth,2026-03-25,evening,take-out,17.0,17.0,5,1,0
5309,Duluth,2026-03-25,morning,delivery,11.0,5.5,4,2,0
5310,Duluth,2026-03-25,morning,dine-in,29.0,14.5,4,2,0
5311,Duluth,2026-03-25,morning,take-out,12.0,6.0,4,2,0
5312,Duluth,2026-03-26,afternoon,delivery,17.0,8.5,5,2,0
5313,Duluth,2026-03-26,afternoon,dine-in,35.0,17.5,5,2,0
5314,Duluth,2026-03-26,afternoon,take-out,28.0,14.0,5,2,0
5315,Duluth,2026-03-26,evening,delivery,15.0,5.0,5,3,0
5316,Duluth,2026-03-26,evening,dine-in,10.0,3.33,5,3,0
5317,Duluth,2026-03-26,evening,take-out,25.0,8.33,5,3,0
5318,Duluth,2026-03-26,morning,delivery,6.0,6.0,4,1,0
5319,Duluth,2026-03-26,morning,dine-in,19.0,19.0,4,1,0
5320,Duluth,2026-03-26,morning,take-out,25.0,25.0,4,1,0
5321,Duluth,2026-03-27,afternoon,delivery,11.0,5.5,5,2,0
5322,Duluth,2026-03-27,afternoon,dine-in,33.0,16.5,5,2,0
5323,Duluth,2026-03-27,afternoon,take-out,36.0,18.0,5,2,0
5324,Duluth,2026-03-27,evening,delivery,16.0,16.0,5,1,0
5325,Duluth,2026-03-27,evening,dine-in,13.0,13.0,5,1,0
5326,Duluth,2026-03-27,evening,take-out,28.0,28.0,5,1,0
5327,Duluth,2026-03-27,morning,delivery,19.0,9.5,4,2,0
5328,Duluth,2026-03-27,morning,dine-in,15.0,7.5,4,2,0
5329,Duluth,2026-03-27,morning,take-out,21.0,10.5,4,2,0
5330,Duluth,2026-03-28,afternoon,delivery,19.0,3.8,6,5,0
5331,Duluth,2026-03-28,afternoon,dine-in,35.0,7.0,6,5,0
5332,Duluth,2026-03-28,afternoon,take-out,28.0,5.6,6,5,0
5333,Duluth,2026-03-28,evening,delivery,24.0,6.0,6,4,0
5334,Duluth,2026-03-28,evening,dine-in,37.0,9.25,6,4,0
5335,Duluth,2026-03-28,evening,take-out,20.0,5.0,6,4,0
5336,Duluth,2026-03-28,morning,delivery,11.0,3.67,4,3,0
5337,Duluth,2026-03-28,morning,dine-in,23.0,7.67,4,3,0
5338,Duluth,2026-03-28,morning,take-out,14.0,4.67,4,3,0
5339,Duluth,2026-03-29,afternoon,delivery,15.0,5.0,6,3,0
5340,Duluth,2026-03-29,afternoon,dine-in,37.0,12.33,6,3,0
5341,Duluth,2026-03-29,afternoon,take-out,31.0,10.33,6,3,0
5342,Duluth,2026-03-29,evening,delivery,12.0,4.0,6,3,0
5343,Duluth,2026-03-29,evening,dine-in,19.0,6.33,6,3,0
5344,Duluth,2026-03-29,evening,take-out,24.0,8.0,6,3,0
5345,Duluth,2026-03-29,morning,delivery,9.0,3.0,4,3,0
5346,Duluth,2026-03-29,morning,dine-in,4.0,1.33,4,3,0
5347,Duluth,2026-03-29,morning,take-out,37.0,12.33,4,3,0
5348,Duluth,2026-03-30,afternoon,delivery,13.0,4.33,5,3,0
5349,Duluth,2026-03-30,afternoon,dine-in,30.0,10.0,5,3,0
5350,Duluth,2026-03-30,afternoon,take-out,39.0,13.0,5,3,0
5351,Duluth,2026-03-30,evening,delivery,15.0,5.0,5,3,0
5352,Duluth,2026-03-30,evening,dine-in,15.0,5.0,5,3,0
5353,Duluth,2026-03-30,evening,take-out,24.0,8.0,5,3,0
5354,Duluth,2026-03-30,morning,delivery,11.0,11.0,4,1,0
5355,Duluth,2026-03-30,morning,dine-in,26.0,26.0,4,1,0
5356,Duluth,2026-03-30,morning,take-out,18.0,18.0,4,1,0
5357,Duluth,2026-03-31,afternoon,delivery,14.0,3.5,5,4,0
5358,Duluth,2026-03-31,afternoon,dine-in,30.0,7.5,5,4,0
5359,Duluth,2026-03-31,afternoon,take-out,31.0,7.75,5,4,0
5360,Duluth,2026-03-31,evening,delivery,7.0,3.5,5,2,0
5361,Duluth,2026-03-31,evening,dine-in,21.0,10.5,5,2,0
5362,Duluth,2026-03-31,evening,take-out,23.0,11.5,5,2,0
5363,Duluth,2026-04-01,afternoon,delivery,9.0,2.25,5,4,0
5364,Duluth,2026-04-01,afternoon,dine-in,30.0,7.5,5,4,0
5365,Duluth,2026-04-01,afternoon,take-out,34.0,8.5,5,4,0
5366,Duluth,2026-04-01,evening,delivery,14.0,3.5,5,4,0
5367,Duluth,2026-04-01,evening,dine-in,20.0,5.0,5,4,0
5368,Duluth,2026-04-01,evening,take-out,21.0,5.25,5,4,0
5369,Duluth,2026-04-01,morning,delivery,11.0,3.67,4,3,0
5370,Duluth,2026-04-01,morning,dine-in,12.0,4.0,4,3,0
5371,Duluth,2026-04-01,morning,take-out,12.0,4.0,4,3,0
5372,Duluth,2026-04-02,afternoon,delivery,11.0,3.67,5,3,0
5373,Duluth,2026-04-02,afternoon,dine-in,17.0,5.67,5,3,0
5374,Duluth,2026-04-02,afternoon,take-out,36.0,12.0,5,3,0
5375,Duluth,2026-04-02,evening,delivery,7.0,2.33,5,3,0
5376,Duluth,2026-04-02,evening,dine-in,24.0,8.0,5,3,0
5377,Duluth,2026-04-02,evening,take-out,27.0,9.0,5,3,0
5378,Duluth,2026-04-02,morning,delivery,3.0,1.5,4,2,0
5379,Duluth,2026-04-02,morning,dine-in,28.0,14.0,4,2,0
5380,Duluth,2026-04-02,morning,take-out,18.0,9.0,4,2,0
5381,Duluth,2026-04-03,afternoon,delivery,12.0,3.0,5,4,0
5382,Duluth,2026-04-03,afternoon,dine-in,31.0,7.75,5,4,0
5383,Duluth,2026-04-03,afternoon,take-out,20.0,5.0,5,4,0
5384,Duluth,2026-04-03,evening,delivery,9.0,4.5,5,2,0
5385,Duluth,2026-04-03,evening,dine-in,26.0,13.0,5,2,0
5386,Duluth,2026-04-03,evening,take-out,31.0,15.5,5,2,0
5387,Duluth,2026-04-03,morning,delivery,8.0,2.67,4,3,0
5388,Duluth,2026-04-03,morning,dine-in,19.0,6.33,4,3,0
5389,Duluth,2026-04-03,morning,take-out,12.0,4.0,4,3,0
5390,Duluth,2026-04-04,afternoon,delivery,16.0,5.33,6,3,0
5391,Duluth,2026-04-04,afternoon,dine-in,40.0,13.33,6,3,0
5392,Duluth,2026-04-04,afternoon,take-out,35.0,11.67,6,3,0
5393,Duluth,2026-04-04,evening,delivery,16.0,4.0,6,4,0
5394,Duluth,2026-04-04,evening,dine-in,26.0,6.5,6,4,0
5395,Duluth,2026-04-04,evening,take-out,28.0,7.0,6,4,0
5396,Duluth,2026-04-04,morning,delivery,9.0,3.0,4,3,0
5397,Duluth,2026-04-04,morning,dine-in,20.0,6.67,4,3,0
5398,Duluth,2026-04-04,morning,take-out,34.0,11.33,4,3,0
5399,Duluth,2026-04-05,afternoon,delivery,28.0,9.33,6,3,0
5400,Duluth,2026-04-05,afternoon,dine-in,28.0,9.33,6,3,0
5401,Duluth,2026-04-05,afternoon,take-out,26.0,8.67,6,3,0
5402,Duluth,2026-04-05,evening,delivery,11.0,2.75,6,4,0
5403,Duluth,2026-04-05,evening,dine-in,25.0,6.25,6,4,0
5404,Duluth,2026-04-05,evening,take-out,29.0,7.25,6,4,0
5405,Duluth,2026-04-05,morning,delivery,8.0,8.0,4,1,0
5406,Duluth,2026-04-05,morning,dine-in,30.0,30.0,4,1,0
5407,Duluth,2026-04-05,morning,take-out,22.0,22.0,4,1,0
5408,Duluth,2026-04-06,afternoon,delivery,23.0,5.75,5,4,0
5409,Duluth,2026-04-06,afternoon,dine-in,26.0,6.5,5,4,0
5410,Duluth,2026-04-06,afternoon,take-out,18.0,4.5,5,4,0
5411,Duluth,2026-04-06,evening,delivery,20.0,6.67,5,3,0
5412,Duluth,2026-04-06,evening,dine-in,29.0,9.67,5,3,0
5413,Duluth,2026-04-06,evening,take-out,10.0,3.33,5,3,0
5414,Duluth,2026-04-06,morning,delivery,7.0,2.33,4,3,0
5415,Duluth,2026-04-06,morning,dine-in,10.0,3.33,4,3,0
5416,Duluth,2026-04-06,morning,take-out,44.0,14.67,4,3,0
5417,Duluth,2026-04-07,afternoon,delivery,20.0,20.0,5,1,0
5418,Duluth,2026-04-07,afternoon,dine-in,35.0,35.0,5,1,0
5419,Duluth,2026-04-07,afternoon,take-out,21.0,21.0,5,1,0
5420,Duluth,2026-04-07,evening,delivery,15.0,7.5,5,2,0
5421,Duluth,2026-04-07,evening,dine-in,11.0,5.5,5,2,0
5422,Duluth,2026-04-07,evening,take-out,39.0,19.5,5,2,0
5423,Duluth,2026-04-07,morning,delivery,4.0,1.33,4,3,0
5424,Duluth,2026-04-07,morning,dine-in,18.0,6.0,4,3,0
5425,Duluth,2026-04-07,morning,take-out,19.0,6.33,4,3,0
5426,Duluth,2026-04-08,afternoon,delivery,11.0,3.67,5,3,0
5427,Duluth,2026-04-08,afternoon,dine-in,20.0,6.67,5,3,0
5428,Duluth,2026-04-08,afternoon,take-out,45.0,15.0,5,3,0
5429,Duluth,2026-04-08,evening,delivery,18.0,9.0,5,2,0
5430,Duluth,2026-04-08,evening,dine-in,20.0,10.0,5,2,0
5431,Duluth,2026-04-08,evening,take-out,15.0,7.5,5,2,0
5432,Duluth,2026-04-08,morning,delivery,1.0,0.5,4,2,0
5433,Duluth,2026-04-08,morning,dine-in,24.0,12.0,4,2,0
5434,Duluth,2026-04-08,morning,take-out,14.0,7.0,4,2,0
5435,Duluth,2026-04-09,afternoon,delivery,25.0,12.5,5,2,0
5436,Duluth,2026-04-09,afternoon,dine-in,38.0,19.0,5,2,0
5437,Duluth,2026-04-09,afternoon,take-out,22.0,11.0,5,2,0
5438,Duluth,2026-04-09,evening,delivery,3.0,1.5,5,2,0
5439,Duluth,2026-04-09,evening,dine-in,23.0,11.5,5,2,0
5440,Duluth,2026-04-09,evening,take-out,22.0,11.0,5,2,0
5441,Duluth,2026-04-09,morning,delivery,20.0,5.0,4,4,0
5442,Duluth,2026-04-09,morning,dine-in,16.0,4.0,4,4,0
5443,Duluth,2026-04-09,morning,take-out,7.0,1.75,4,4,0
5444,Duluth,2026-04-10,afternoon,delivery,8.0,2.67,5,3,0
5445,Duluth,2026-04-10,afternoon,dine-in,19.0,6.33,5,3,0
5446,Duluth,2026-04-10,afternoon,take-out,49.0,16.33,5,3,0
5447,Duluth,2026-04-10,evening,delivery,28.0,9.33,5,3,0
5448,Duluth,2026-04-10,evening,dine-in,21.0,7.0,5,3,0
5449,Duluth,2026-04-10,evening,take-out,11.0,3.67,5,3,0
5450,Duluth,2026-04-10,morning,delivery,10.0,5.0,4,2,0
5451,Duluth,2026-04-10,morning,dine-in,15.0,7.5,4,2,0
5452,Duluth,2026-04-10,morning,take-out,23.0,11.5,4,2,0
5453,Duluth,2026-04-11,afternoon,delivery,8.0,4.0,6,2,0
5454,Duluth,2026-04-11,afternoon,dine-in,29.0,14.5,6,2,0
5455,Duluth,2026-04-11,afternoon,take-out,47.0,23.5,6,2,0
5456,Duluth,2026-04-11,evening,delivery,10.0,2.5,6,4,0
5457,Duluth,2026-04-11,evening,dine-in,40.0,10.0,6,4,0
5458,Duluth,2026-04-11,evening,take-out,30.0,7.5,6,4,0
5459,Duluth,2026-04-11,morning,delivery,14.0,4.67,4,3,0
5460,Duluth,2026-04-11,morning,dine-in,18.0,6.0,4,3,0
5461,Duluth,2026-04-11,morning,take-out,29.0,9.67,4,3,0
5462,Duluth,2026-04-12,afternoon,delivery,14.0,3.5,6,4,0
5463,Duluth,2026-04-12,afternoon,dine-in,33.0,8.25,6,4,0
5464,Duluth,2026-04-12,afternoon,take-out,32.0,8.0,6,4,0
5465,Duluth,2026-04-12,evening,delivery,6.0,1.5,6,4,0
5466,Duluth,2026-04-12,evening,dine-in,33.0,8.25,6,4,0
5467,Duluth,2026-04-12,evening,take-out,20.0,5.0,6,4,0
5468,Duluth,2026-04-12,morning,delivery,10.0,5.0,4,2,0
5469,Duluth,2026-04-12,morning,dine-in,33.0,16.5,4,2,0
5470,Duluth,2026-04-12,morning,take-out,21.0,10.5,4,2,0
5471,Duluth,2026-04-13,afternoon,delivery,12.0,6.0,5,2,0
5472,Duluth,2026-04-13,afternoon,dine-in,40.0,20.0,5,2,0
5473,Duluth,2026-04-13,afternoon,take-out,18.0,9.0,5,2,0
5474,Duluth,2026-04-13,evening,delivery,5.0,1.67,5,3,0
5475,Duluth,2026-04-13,evening,dine-in,23.0,7.67,5,3,0
5476,Duluth,2026-04-13,evening,take-out,20.0,6.67,5,3,0
5477,Duluth,2026-04-13,morning,dine-in,23.0,7.67,4,3,0
5478,Duluth,2026-04-13,morning,take-out,22.0,7.33,4,3,0
5479,Duluth,2026-04-14,afternoon,delivery,13.0,6.5,5,2,0
5480,Duluth,2026-04-14,afternoon,dine-in,34.0,17.0,5,2,0
5481,Duluth,2026-04-14,afternoon,take-out,40.0,20.0,5,2,0
5482,Duluth,2026-04-14,evening,delivery,24.0,12.0,5,2,0
5483,Duluth,2026-04-14,evening,dine-in,11.0,5.5,5,2,0
5484,Duluth,2026-04-14,evening,take-out,23.0,11.5,5,2,0
5485,Duluth,2026-04-14,morning,delivery,5.0,1.67,4,3,0
5486,Duluth,2026-04-14,morning,dine-in,16.0,5.33,4,3,0
5487,Duluth,2026-04-14,morning,take-out,24.0,8.0,4,3,0
5488,Duluth,2026-04-15,afternoon,delivery,13.0,3.25,5,4,0
5489,Duluth,2026-04-15,afternoon,dine-in,31.0,7.75,5,4,0
5490,Duluth,2026-04-15,afternoon,take-out,40.0,10.0,5,4,0
5491,Duluth,2026-04-15,evening,delivery,4.0,1.33,5,3,0
5492,Duluth,2026-04-15,evening,dine-in,27.0,9.0,5,3,0
5493,Duluth,2026-04-15,evening,take-out,27.0,9.0,5,3,0
5494,Duluth,2026-04-15,morning,delivery,6.0,3.0,4,2,0
5495,Duluth,2026-04-15,morning,dine-in,27.0,13.5,4,2,0
5496,Duluth,2026-04-15,morning,take-out,22.0,11.0,4,2,0
5497,Duluth,2026-04-16,afternoon,delivery,24.0,4.8,5,5,0
5498,Duluth,2026-04-16,afternoon,dine-in,30.0,6.0,5,5,0
5499,Duluth,2026-04-16,afternoon,take-out,23.0,4.6,5,5,0
5500,Duluth,2026-04-16,evening,delivery,1.0,0.5,5,2,0
5501,Duluth,2026-04-16,evening,dine-in,26.0,13.0,5,2,0
5502,Duluth,2026-04-16,evening,take-out,31.0,15.5,5,2,0
5503,Duluth,2026-04-16,morning,dine-in,17.0,17.0,4,1,0
5504,Duluth,2026-04-16,morning,take-out,35.0,35.0,4,1,0
5505,Duluth,2026-04-17,afternoon,delivery,24.0,12.0,5,2,0
5506,Duluth,2026-04-17,afternoon,dine-in,19.0,9.5,5,2,0
5507,Duluth,2026-04-17,afternoon,take-out,38.0,19.0,5,2,0
5508,Duluth,2026-04-17,evening,delivery,9.0,2.25,5,4,0
5509,Duluth,2026-04-17,evening,dine-in,25.0,6.25,5,4,0
5510,Duluth,2026-04-17,evening,take-out,40.0,10.0,5,4,0
5511,Duluth,2026-04-17,morning,delivery,7.0,2.33,4,3,0
5512,Duluth,2026-04-17,morning,dine-in,31.0,10.33,4,3,0
5513,Duluth,2026-04-17,morning,take-out,13.0,4.33,4,3,0
5514,Duluth,2026-04-18,afternoon,delivery,19.0,6.33,6,3,0
5515,Duluth,2026-04-18,afternoon,dine-in,32.0,10.67,6,3,0
5516,Duluth,2026-04-18,afternoon,take-out,47.0,15.67,6,3,0
5517,Duluth,2026-04-18,evening,delivery,20.0,10.0,6,2,0
5518,Duluth,2026-04-18,evening,dine-in,17.0,8.5,6,2,0
5519,Duluth,2026-04-18,evening,take-out,27.0,13.5,6,2,0
5520,Duluth,2026-04-18,morning,delivery,21.0,10.5,4,2,0
5521,Duluth,2026-04-18,morning,dine-in,11.0,5.5,4,2,0
5522,Duluth,2026-04-18,morning,take-out,17.0,8.5,4,2,0
5523,Duluth,2026-04-19,afternoon,delivery,15.0,7.5,6,2,0
5524,Duluth,2026-04-19,afternoon,dine-in,48.0,24.0,6,2,0
5525,Duluth,2026-04-19,afternoon,take-out,32.0,16.0,6,2,0
5526,Duluth,2026-04-19,evening,delivery,25.0,8.33,6,3,0
5527,Duluth,2026-04-19,evening,dine-in,36.0,12.0,6,3,0
5528,Duluth,2026-04-19,evening,take-out,11.0,3.67,6,3,0
5529,Duluth,2026-04-19,morning,delivery,3.0,1.5,4,2,0
5530,Duluth,2026-04-19,morning,dine-in,46.0,23.0,4,2,0
5531,Duluth,2026-04-19,morning,take-out,13.0,6.5,4,2,0
5532,Duluth,2026-04-20,afternoon,delivery,30.0,10.0,5,3,0
5533,Duluth,2026-04-20,afternoon,dine-in,16.0,5.33,5,3,0
5534,Duluth,2026-04-20,afternoon,take-out,35.0,11.67,5,3,0
5535,Duluth,2026-04-20,evening,delivery,18.0,4.5,5,4,0
5536,Duluth,2026-04-20,evening,dine-in,22.0,5.5,5,4,0
5537,Duluth,2026-04-20,evening,take-out,27.0,6.75,5,4,0
5538,Duluth,2026-04-20,morning,delivery,9.0,3.0,4,3,0
5539,Duluth,2026-04-20,morning,dine-in,24.0,8.0,4,3,0
5540,Duluth,2026-04-20,morning,take-out,26.0,8.67,4,3,0
5541,Duluth,2026-04-21,afternoon,delivery,14.0,3.5,5,4,0
5542,Duluth,2026-04-21,afternoon,dine-in,20.0,5.0,5,4,0
5543,Duluth,2026-04-21,afternoon,take-out,37.0,9.25,5,4,0
5544,Duluth,2026-04-21,evening,delivery,12.0,6.0,5,2,0
5545,Duluth,2026-04-21,evening,dine-in,32.0,16.0,5,2,0
5546,Duluth,2026-04-21,evening,take-out,22.0,11.0,5,2,0
5547,Duluth,2026-04-21,morning,delivery,8.0,2.67,4,3,0
5548,Duluth,2026-04-21,morning,dine-in,27.0,9.0,4,3,0
5549,Duluth,2026-04-21,morning,take-out,11.0,3.67,4,3,0
5550,Duluth,2026-04-22,afternoon,delivery,19.0,6.33,5,3,0
5551,Duluth,2026-04-22,afternoon,dine-in,34.0,11.33,5,3,0
5552,Duluth,2026-04-22,afternoon,take-out,28.0,9.33,5,3,0
5553,Duluth,2026-04-22,evening,delivery,10.0,2.5,5,4,0
5554,Duluth,2026-04-22,evening,dine-in,26.0,6.5,5,4,0
5555,Duluth,2026-04-22,evening,take-out,30.0,7.5,5,4,0
5556,Duluth,2026-04-22,morning,delivery,7.0,2.33,4,3,0
5557,Duluth,2026-04-22,morning,dine-in,18.0,6.0,4,3,0
5558,Duluth,2026-04-22,morning,take-out,30.0,10.0,4,3,0
5559,Duluth,2026-04-23,afternoon,delivery,15.0,3.75,5,4,0
5560,Duluth,2026-04-23,afternoon,dine-in,45.0,11.25,5,4,0
5561,Duluth,2026-04-23,afternoon,take-out,26.0,6.5,5,4,0
5562,Duluth,2026-04-23,evening,delivery,11.0,3.67,5,3,0
5563,Duluth,2026-04-23,evening,dine-in,30.0,10.0,5,3,0
5564,Duluth,2026-04-23,evening,take-out,27.0,9.0,5,3,0
5565,Duluth,2026-04-23,morning,delivery,7.0,7.0,4,1,0
5566,Duluth,2026-04-23,morning,dine-in,23.0,23.0,4,1,0
5567,Duluth,2026-04-23,morning,take-out,15.0,15.0,4,1,0
5568,Duluth,2026-04-24,afternoon,delivery,11.0,2.75,5,4,0
5569,Duluth,2026-04-24,afternoon,dine-in,30.0,7.5,5,4,0
5570,Duluth,2026-04-24,afternoon,take-out,21.0,5.25,5,4,0
5571,Duluth,2026-04-24,evening,delivery,9.0,4.5,5,2,0
5572,Duluth,2026-04-24,evening,dine-in,20.0,10.0,5,2,0
5573,Duluth,2026-04-24,evening,take-out,18.0,9.0,5,2,0
5574,Duluth,2026-04-24,morning,delivery,16.0,16.0,4,1,0
5575,Duluth,2026-04-24,morning,dine-in,11.0,11.0,4,1,0
5576,Duluth,2026-04-24,morning,take-out,25.0,25.0,4,1,0
5577,Duluth,2026-04-25,afternoon,delivery,27.0,13.5,6,2,0
5578,Duluth,2026-04-25,afternoon,dine-in,29.0,14.5,6,2,0
5579,Duluth,2026-04-25,afternoon,take-out,41.0,20.5,6,2,0
5580,Duluth,2026-04-25,evening,delivery,17.0,3.4,6,5,0
5581,Duluth,2026-04-25,evening,dine-in,31.0,6.2,6,5,0
5582,Duluth,2026-04-25,evening,take-out,31.0,6.2,6,5,0
5583,Duluth,2026-04-25,morning,delivery,20.0,6.67,4,3,0
5584,Duluth,2026-04-25,morning,dine-in,18.0,6.0,4,3,0
5585,Duluth,2026-04-25,morning,take-out,27.0,9.0,4,3,0
5586,Duluth,2026-04-26,afternoon,delivery,12.0,2.4,6,5,0
5587,Duluth,2026-04-26,afternoon,dine-in,30.0,6.0,6,5,0
5588,Duluth,2026-04-26,afternoon,take-out,34.0,6.8,6,5,0
5589,Duluth,2026-04-26,evening,delivery,8.0,2.0,6,4,0
5590,Duluth,2026-04-26,evening,dine-in,34.0,8.5,6,4,0
5591,Duluth,2026-04-26,evening,take-out,25.0,6.25,6,4,0
5592,Duluth,2026-04-26,morning,delivery,12.0,4.0,4,3,0
5593,Duluth,2026-04-26,morning,dine-in,18.0,6.0,4,3,0
5594,Duluth,2026-04-26,morning,take-out,27.0,9.0,4,3,0
5595,Duluth,2026-04-27,afternoon,delivery,21.0,7.0,5,3,0
5596,Duluth,2026-04-27,afternoon,dine-in,34.0,11.33,5,3,0
5597,Duluth,2026-04-27,afternoon,take-out,39.0,13.0,5,3,0
5598,Duluth,2026-04-27,evening,delivery,16.0,4.0,5,4,0
5599,Duluth,2026-04-27,evening,dine-in,18.0,4.5,5,4,0
5600,Duluth,2026-04-27,evening,take-out,18.0,4.5,5,4,0
5601,Duluth,2026-04-27,morning,delivery,15.0,7.5,4,2,0
5602,Duluth,2026-04-27,morning,dine-in,14.0,7.0,4,2,0
5603,Duluth,2026-04-27,morning,take-out,28.0,14.0,4,2,0
5604,Duluth,2026-04-28,afternoon,delivery,15.0,7.5,5,2,0
5605,Duluth,2026-04-28,afternoon,dine-in,30.0,15.0,5,2,0
5606,Duluth,2026-04-28,afternoon,take-out,24.0,12.0,5,2,0
5607,Duluth,2026-04-28,evening,delivery,15.0,5.0,5,3,0
5608,Duluth,2026-04-28,evening,dine-in,24.0,8.0,5,3,0
5609,Duluth,2026-04-28,evening,take-out,36.0,12.0,5,3,0
5610,Duluth,2026-04-28,morning,delivery,2.0,0.67,4,3,0
5611,Duluth,2026-04-28,morning,dine-in,21.0,7.0,4,3,0
5612,Duluth,2026-04-28,morning,take-out,21.0,7.0,4,3,0
5613,Duluth,2026-04-29,afternoon,delivery,9.0,3.0,5,3,0
5614,Duluth,2026-04-29,afternoon,dine-in,28.0,9.33,5,3,0
5615,Duluth,2026-04-29,afternoon,take-out,38.0,12.67,5,3,0
5616,Duluth,2026-04-29,evening,delivery,11.0,3.67,5,3,0
5617,Duluth,2026-04-29,evening,dine-in,18.0,6.0,5,3,0
5618,Duluth,2026-04-29,evening,take-out,21.0,7.0,5,3,0
5619,Duluth,2026-04-29,morning,delivery,6.0,3.0,4,2,0
5620,Duluth,2026-04-29,morning,dine-in,19.0,9.5,4,2,0
5621,Duluth,2026-04-29,morning,take-out,23.0,11.5,4,2,0
5622,Duluth,2026-04-30,afternoon,delivery,14.0,3.5,5,4,0
5623,Duluth,2026-04-30,afternoon,dine-in,34.0,8.5,5,4,0
5624,Duluth,2026-04-30,afternoon,take-out,21.0,5.25,5,4,0
5625,Duluth,2026-04-30,evening,delivery,9.0,4.5,5,2,0
5626,Duluth,2026-04-30,evening,dine-in,37.0,18.5,5,2,0
5627,Duluth,2026-04-30,evening,take-out,29.0,14.5,5,2,0
5628,Duluth,2026-04-30,morning,delivery,14.0,14.0,4,1,0
5629,Duluth,2026-04-30,morning,dine-in,19.0,19.0,4,1,0
5630,Duluth,2026-04-30,morning,take-out,25.0,25.0,4,1,0
5631,Duluth,2026-05-01,afternoon,delivery,14.0,4.67,5,3,0
5632,Duluth,2026-05-01,afternoon,dine-in,28.0,9.33,5,3,0
5633,Duluth,2026-05-01,afternoon,take-out,26.0,8.67,5,3,0
5634,Duluth,2026-05-01,evening,delivery,6.0,3.0,5,2,0
5635,Duluth,2026-05-01,evening,dine-in,22.0,11.0,5,2,0
5636,Duluth,2026-05-01,evening,take-out,23.0,11.5,5,2,0
5637,Duluth,2026-05-01,morning,delivery,8.0,2.67,4,3,0
5638,Duluth,2026-05-01,morning,dine-in,15.0,5.0,4,3,0
5639,Duluth,2026-05-01,morning,take-out,24.0,8.0,4,3,0
5640,Duluth,2026-05-02,afternoon,delivery,26.0,13.0,6,2,0
5641,Duluth,2026-05-02,afternoon,dine-in,25.0,12.5,6,2,0
5642,Duluth,2026-05-02,afternoon,take-out,29.0,14.5,6,2,0
5643,Duluth,2026-05-02,evening,delivery,15.0,7.5,6,2,0
5644,Duluth,2026-05-02,evening,dine-in,25.0,12.5,6,2,0
5645,Duluth,2026-05-02,evening,take-out,28.0,14.0,6,2,0
5646,Duluth,2026-05-02,morning,delivery,2.0,1.0,4,2,0
5647,Duluth,2026-05-02,morning,dine-in,25.0,12.5,4,2,0
5648,Duluth,2026-05-02,morning,take-out,26.0,13.0,4,2,0
5649,Duluth,2026-05-03,afternoon,delivery,14.0,7.0,6,2,0
5650,Duluth,2026-05-03,afternoon,dine-in,28.0,14.0,6,2,0
5651,Duluth,2026-05-03,afternoon,take-out,58.0,29.0,6,2,0
5652,Duluth,2026-05-03,evening,delivery,24.0,4.8,6,5,0
5653,Duluth,2026-05-03,evening,dine-in,29.0,5.8,6,5,0
5654,Duluth,2026-05-03,evening,take-out,12.0,2.4,6,5,0
5655,Duluth,2026-05-03,morning,delivery,10.0,10.0,4,1,0
5656,Duluth,2026-05-03,morning,dine-in,17.0,17.0,4,1,0
5657,Duluth,2026-05-03,morning,take-out,40.0,40.0,4,1,0
5658,Duluth,2026-05-04,afternoon,delivery,22.0,7.33,5,3,0
5659,Duluth,2026-05-04,afternoon,dine-in,11.0,3.67,5,3,0
5660,Duluth,2026-05-04,afternoon,take-out,33.0,11.0,5,3,0
5661,Duluth,2026-05-04,evening,delivery,14.0,3.5,5,4,0
5662,Duluth,2026-05-04,evening,dine-in,41.0,10.25,5,4,0
5663,Duluth,2026-05-04,evening,take-out,24.0,6.0,5,4,0
5664,Duluth,2026-05-04,morning,delivery,6.0,6.0,4,1,0
5665,Duluth,2026-05-04,morning,dine-in,13.0,13.0,4,1,0
5666,Duluth,2026-05-04,morning,take-out,18.0,18.0,4,1,0
5667,Duluth,2026-05-05,afternoon,delivery,10.0,5.0,5,2,0
5668,Duluth,2026-05-05,afternoon,dine-in,42.0,21.0,5,2,0
5669,Duluth,2026-05-05,afternoon,take-out,38.0,19.0,5,2,0
5670,Duluth,2026-05-05,morning,delivery,1.0,0.33,4,3,0
5671,Duluth,2026-05-05,morning,dine-in,15.0,5.0,4,3,0
5672,Duluth,2026-05-05,morning,take-out,29.0,9.67,4,3,0
5673,Duluth,2026-05-06,afternoon,delivery,10.0,3.33,5,3,0
5674,Duluth,2026-05-06,afternoon,dine-in,41.0,13.67,5,3,0
5675,Duluth,2026-05-06,afternoon,take-out,32.0,10.67,5,3,0
5676,Duluth,2026-05-06,evening,delivery,13.0,4.33,5,3,0
5677,Duluth,2026-05-06,evening,dine-in,12.0,4.0,5,3,0
5678,Duluth,2026-05-06,evening,take-out,29.0,9.67,5,3,0
5679,Duluth,2026-05-06,morning,delivery,9.0,4.5,4,2,0
5680,Duluth,2026-05-06,morning,dine-in,40.0,20.0,4,2,0
5681,Duluth,2026-05-06,morning,take-out,16.0,8.0,4,2,0
5682,Duluth,2026-05-07,afternoon,delivery,18.0,9.0,5,2,0
5683,Duluth,2026-05-07,afternoon,dine-in,32.0,16.0,5,2,0
5684,Duluth,2026-05-07,afternoon,take-out,29.0,14.5,5,2,0
5685,Duluth,2026-05-07,evening,delivery,5.0,5.0,5,1,0
5686,Duluth,2026-05-07,evening,dine-in,24.0,24.0,5,1,0
5687,Duluth,2026-05-07,evening,take-out,27.0,27.0,5,1,0
5688,Duluth,2026-05-07,morning,delivery,7.0,3.5,4,2,0
5689,Duluth,2026-05-07,morning,dine-in,20.0,10.0,4,2,0
5690,Duluth,2026-05-07,morning,take-out,17.0,8.5,4,2,0
5691,Duluth,2026-05-08,afternoon,delivery,15.0,15.0,5,1,0
5692,Duluth,2026-05-08,afternoon,dine-in,36.0,36.0,5,1,0
5693,Duluth,2026-05-08,afternoon,take-out,23.0,23.0,5,1,0
5694,Duluth,2026-05-08,evening,delivery,23.0,11.5,5,2,0
5695,Duluth,2026-05-08,evening,dine-in,30.0,15.0,5,2,0
5696,Duluth,2026-05-08,evening,take-out,20.0,10.0,5,2,0
5697,Duluth,2026-05-08,morning,delivery,11.0,2.75,4,4,0
5698,Duluth,2026-05-08,morning,dine-in,25.0,6.25,4,4,0
5699,Duluth,2026-05-08,morning,take-out,15.0,3.75,4,4,0
5700,Duluth,2026-05-09,afternoon,delivery,16.0,8.0,6,2,0
5701,Duluth,2026-05-09,afternoon,dine-in,38.0,19.0,6,2,0
5702,Duluth,2026-05-09,afternoon,take-out,37.0,18.5,6,2,0
5703,Duluth,2026-05-09,evening,delivery,13.0,3.25,6,4,0
5704,Duluth,2026-05-09,evening,dine-in,23.0,5.75,6,4,0
5705,Duluth,2026-05-09,evening,take-out,24.0,6.0,6,4,0
5706,Duluth,2026-05-09,morning,delivery,11.0,11.0,4,1,0
5707,Duluth,2026-05-09,morning,dine-in,24.0,24.0,4,1,0
5708,Duluth,2026-05-09,morning,take-out,22.0,22.0,4,1,0
5709,Duluth,2026-05-10,afternoon,delivery,24.0,6.0,6,4,0
5710,Duluth,2026-05-10,afternoon,dine-in,40.0,10.0,6,4,0
5711,Duluth,2026-05-10,afternoon,take-out,22.0,5.5,6,4,0
5712,Duluth,2026-05-10,evening,delivery,21.0,10.5,6,2,0
5713,Duluth,2026-05-10,evening,dine-in,19.0,9.5,6,2,0
5714,Duluth,2026-05-10,evening,take-out,21.0,10.5,6,2,0
5715,Duluth,2026-05-10,morning,delivery,12.0,3.0,4,4,0
5716,Duluth,2026-05-10,morning,dine-in,37.0,9.25,4,4,0
5717,Duluth,2026-05-10,morning,take-out,5.0,1.25,4,4,0
5718,Duluth,2026-05-11,afternoon,delivery,12.0,4.0,5,3,0
5719,Duluth,2026-05-11,afternoon,dine-in,30.0,10.0,5,3,0
5720,Duluth,2026-05-11,afternoon,take-out,31.0,10.33,5,3,0
5721,Duluth,2026-05-11,evening,delivery,16.0,5.33,5,3,0
5722,Duluth,2026-05-11,evening,dine-in,22.0,7.33,5,3,0
5723,Duluth,2026-05-11,evening,take-out,24.0,8.0,5,3,0
5724,Duluth,2026-05-11,morning,delivery,15.0,5.0,4,3,0
5725,Duluth,2026-05-11,morning,dine-in,14.0,4.67,4,3,0
5726,Duluth,2026-05-11,morning,take-out,9.0,3.0,4,3,0
5727,Duluth,2026-05-12,evening,delivery,11.0,5.5,5,2,0
5728,Duluth,2026-05-12,evening,dine-in,22.0,11.0,5,2,0
5729,Duluth,2026-05-12,evening,take-out,24.0,12.0,5,2,0
5730,Duluth,2026-05-12,morning,delivery,18.0,6.0,4,3,0
5731,Duluth,2026-05-12,morning,dine-in,23.0,7.67,4,3,0
5732,Duluth,2026-05-12,morning,take-out,11.0,3.67,4,3,0
5733,Duluth,2026-05-13,afternoon,delivery,20.0,6.67,5,3,0
5734,Duluth,2026-05-13,afternoon,dine-in,26.0,8.67,5,3,0
5735,Duluth,2026-05-13,afternoon,take-out,47.0,15.67,5,3,0
5736,Duluth,2026-05-13,evening,delivery,11.0,5.5,5,2,0
5737,Duluth,2026-05-13,evening,dine-in,14.0,7.0,5,2,0
5738,Duluth,2026-05-13,evening,take-out,28.0,14.0,5,2,0
5739,Duluth,2026-05-13,morning,delivery,11.0,5.5,4,2,0
5740,Duluth,2026-05-13,morning,dine-in,22.0,11.0,4,2,0
5741,Duluth,2026-05-13,morning,take-out,21.0,10.5,4,2,0
5742,Duluth,2026-05-14,afternoon,delivery,19.0,9.5,5,2,0
5743,Duluth,2026-05-14,afternoon,dine-in,31.0,15.5,5,2,0
5744,Duluth,2026-05-14,afternoon,take-out,19.0,9.5,5,2,0
5745,Duluth,2026-05-14,evening,delivery,13.0,6.5,5,2,0
5746,Duluth,2026-05-14,evening,dine-in,19.0,9.5,5,2,0
5747,Duluth,2026-05-14,evening,take-out,18.0,9.0,5,2,0
5748,Duluth,2026-05-14,morning,delivery,11.0,5.5,4,2,0
5749,Duluth,2026-05-14,morning,dine-in,22.0,11.0,4,2,0
5750,Duluth,2026-05-14,morning,take-out,13.0,6.5,4,2,0
5751,Duluth,2026-05-15,afternoon,delivery,10.0,3.33,5,3,0
5752,Duluth,2026-05-15,afternoon,dine-in,20.0,6.67,5,3,0
5753,Duluth,2026-05-15,afternoon,take-out,39.0,13.0,5,3,0
5754,Duluth,2026-05-15,evening,delivery,4.0,2.0,5,2,0
5755,Duluth,2026-05-15,evening,dine-in,14.0,7.0,5,2,0
5756,Duluth,2026-05-15,evening,take-out,26.0,13.0,5,2,0
5757,Duluth,2026-05-15,morning,delivery,5.0,1.25,4,4,0
5758,Duluth,2026-05-15,morning,dine-in,17.0,4.25,4,4,0
5759,Duluth,2026-05-15,morning,take-out,10.0,2.5,4,4,0
5760,Duluth,2026-05-16,afternoon,delivery,18.0,9.0,6,2,0
5761,Duluth,2026-05-16,afternoon,dine-in,32.0,16.0,6,2,0
5762,Duluth,2026-05-16,afternoon,take-out,47.0,23.5,6,2,0
5763,Duluth,2026-05-16,evening,delivery,19.0,4.75,6,4,0
5764,Duluth,2026-05-16,evening,dine-in,31.0,7.75,6,4,0
5765,Duluth,2026-05-16,evening,take-out,17.0,4.25,6,4,0
5766,Duluth,2026-05-16,morning,delivery,11.0,3.67,4,3,0
5767,Duluth,2026-05-16,morning,dine-in,32.0,10.67,4,3,0
5768,Duluth,2026-05-16,morning,take-out,16.0,5.33,4,3,0
5769,Duluth,2026-05-17,afternoon,delivery,13.0,3.25,6,4,0
5770,Duluth,2026-05-17,afternoon,dine-in,41.0,10.25,6,4,0
5771,Duluth,2026-05-17,afternoon,take-out,35.0,8.75,6,4,0
5772,Duluth,2026-05-17,evening,delivery,4.0,1.0,6,4,0
5773,Duluth,2026-05-17,evening,dine-in,24.0,6.0,6,4,0
5774,Duluth,2026-05-17,evening,take-out,32.0,8.0,6,4,0
5775,Duluth,2026-05-17,morning,delivery,16.0,8.0,4,2,0
5776,Duluth,2026-05-17,morning,dine-in,24.0,12.0,4,2,0
5777,Duluth,2026-05-17,morning,take-out,17.0,8.5,4,2,0
5778,Duluth,2026-05-18,afternoon,delivery,15.0,5.0,5,3,0
5779,Duluth,2026-05-18,afternoon,dine-in,35.0,11.67,5,3,0
5780,Duluth,2026-05-18,afternoon,take-out,31.0,10.33,5,3,0
5781,Duluth,2026-05-18,evening,delivery,13.0,6.5,5,2,0
5782,Duluth,2026-05-18,evening,dine-in,27.0,13.5,5,2,0
5783,Duluth,2026-05-18,evening,take-out,24.0,12.0,5,2,0
5784,Duluth,2026-05-18,morning,delivery,7.0,1.75,4,4,0
5785,Duluth,2026-05-18,morning,dine-in,16.0,4.0,4,4,0
5786,Duluth,2026-05-18,morning,take-out,15.0,3.75,4,4,0
5787,Duluth,2026-05-19,afternoon,delivery,5.0,1.67,5,3,0
5788,Duluth,2026-05-19,afternoon,dine-in,46.0,15.33,5,3,0
5789,Duluth,2026-05-19,afternoon,take-out,19.0,6.33,5,3,0
5790,Duluth,2026-05-19,evening,delivery,14.0,4.67,5,3,0
5791,Duluth,2026-05-19,evening,dine-in,33.0,11.0,5,3,0
5792,Duluth,2026-05-19,evening,take-out,32.0,10.67,5,3,0
5793,Duluth,2026-05-19,morning,delivery,10.0,10.0,4,1,0
5794,Duluth,2026-05-19,morning,dine-in,16.0,16.0,4,1,0
5795,Duluth,2026-05-19,morning,take-out,20.0,20.0,4,1,0
5796,Duluth,2026-05-20,afternoon,delivery,8.0,2.0,5,4,0
5797,Duluth,2026-05-20,afternoon,dine-in,32.0,8.0,5,4,0
5798,Duluth,2026-05-20,afternoon,take-out,22.0,5.5,5,4,0
5799,Duluth,2026-05-20,evening,delivery,11.0,5.5,5,2,0
5800,Duluth,2026-05-20,evening,dine-in,28.0,14.0,5,2,0
5801,Duluth,2026-05-20,evening,take-out,26.0,13.0,5,2,0
5802,Duluth,2026-05-20,morning,delivery,2.0,0.67,4,3,0
5803,Duluth,2026-05-20,morning,dine-in,30.0,10.0,4,3,0
5804,Duluth,2026-05-20,morning,take-out,29.0,9.67,4,3,0
5805,Duluth,2026-05-21,afternoon,delivery,9.0,3.0,5,3,0
5806,Duluth,2026-05-21,afternoon,dine-in,33.0,11.0,5,3,0
5807,Duluth,2026-05-21,afternoon,take-out,41.0,13.67,5,3,0
5808,Duluth,2026-05-21,evening,delivery,10.0,3.33,5,3,0
5809,Duluth,2026-05-21,evening,dine-in,24.0,8.0,5,3,0
5810,Duluth,2026-05-21,evening,take-out,15.0,5.0,5,3,0
5811,Duluth,2026-05-21,morning,delivery,22.0,11.0,4,2,0
5812,Duluth,2026-05-21,morning,dine-in,15.0,7.5,4,2,0
5813,Duluth,2026-05-21,morning,take-out,15.0,7.5,4,2,0
5814,Duluth,2026-05-22,afternoon,delivery,6.0,1.5,5,4,0
5815,Duluth,2026-05-22,afternoon,dine-in,30.0,7.5,5,4,0
5816,Duluth,2026-05-22,afternoon,take-out,52.0,13.0,5,4,0
5817,Duluth,2026-05-22,evening,delivery,16.0,8.0,5,2,0
5818,Duluth,2026-05-22,evening,dine-in,23.0,11.5,5,2,0
5819,Duluth,2026-05-22,evening,take-out,17.0,8.5,5,2,0
5820,Duluth,2026-05-22,morning,delivery,4.0,1.33,4,3,0
5821,Duluth,2026-05-22,morning,dine-in,38.0,12.67,4,3,0
5822,Duluth,2026-05-22,morning,take-out,12.0,4.0,4,3,0
5823,Duluth,2026-05-23,afternoon,delivery,18.0,6.0,6,3,0
5824,Duluth,2026-05-23,afternoon,dine-in,49.0,16.33,6,3,0
5825,Duluth,2026-05-23,afternoon,take-out,37.0,12.33,6,3,0
5826,Duluth,2026-05-23,evening,delivery,19.0,4.75,6,4,0
5827,Duluth,2026-05-23,evening,dine-in,17.0,4.25,6,4,0
5828,Duluth,2026-05-23,evening,take-out,18.0,4.5,6,4,0
5829,Duluth,2026-05-23,morning,delivery,11.0,3.67,4,3,0
5830,Duluth,2026-05-23,morning,dine-in,13.0,4.33,4,3,0
5831,Duluth,2026-05-23,morning,take-out,25.0,8.33,4,3,0
5832,Duluth,2026-05-24,afternoon,delivery,17.0,4.25,6,4,0
5833,Duluth,2026-05-24,afternoon,dine-in,30.0,7.5,6,4,0
5834,Duluth,2026-05-24,afternoon,take-out,38.0,9.5,6,4,0
5835,Duluth,2026-05-24,evening,delivery,13.0,6.5,6,2,0
5836,Duluth,2026-05-24,evening,dine-in,22.0,11.0,6,2,0
5837,Duluth,2026-05-24,evening,take-out,33.0,16.5,6,2,0
5838,Duluth,2026-05-24,morning,delivery,6.0,3.0,4,2,0
5839,Duluth,2026-05-24,morning,dine-in,26.0,13.0,4,2,0
5840,Duluth,2026-05-24,morning,take-out,19.0,9.5,4,2,0
5841,Duluth,2026-05-25,afternoon,delivery,6.0,3.0,5,2,0
5842,Duluth,2026-05-25,afternoon,dine-in,37.0,18.5,5,2,0
5843,Duluth,2026-05-25,afternoon,take-out,24.0,12.0,5,2,0
5844,Duluth,2026-05-25,evening,delivery,8.0,4.0,5,2,0
5845,Duluth,2026-05-25,evening,dine-in,35.0,17.5,5,2,0
5846,Duluth,2026-05-25,evening,take-out,20.0,10.0,5,2,0
5847,Duluth,2026-05-25,morning,delivery,8.0,4.0,4,2,0
5848,Duluth,2026-05-25,morning,dine-in,24.0,12.0,4,2,0
5849,Duluth,2026-05-25,morning,take-out,18.0,9.0,4,2,0
5850,Duluth,2026-05-26,afternoon,delivery,12.0,6.0,5,2,0
5851,Duluth,2026-05-26,afternoon,dine-in,24.0,12.0,5,2,0
5852,Duluth,2026-05-26,afternoon,take-out,39.0,19.5,5,2,0
5853,Duluth,2026-05-26,evening,delivery,12.0,4.0,5,3,0
5854,Duluth,2026-05-26,evening,dine-in,28.0,9.33,5,3,0
5855,Duluth,2026-05-26,evening,take-out,18.0,6.0,5,3,0
5856,Duluth,2026-05-26,morning,delivery,15.0,15.0,4,1,0
5857,Duluth,2026-05-26,morning,dine-in,22.0,22.0,4,1,0
5858,Duluth,2026-05-26,morning,take-out,17.0,17.0,4,1,0
5859,Duluth,2026-05-27,afternoon,delivery,26.0,8.67,5,3,0
5860,Duluth,2026-05-27,afternoon,dine-in,26.0,8.67,5,3,0
5861,Duluth,2026-05-27,afternoon,take-out,37.0,12.33,5,3,0
5862,Duluth,2026-05-27,evening,delivery,13.0,3.25,5,4,0
5863,Duluth,2026-05-27,evening,dine-in,33.0,8.25,5,4,0
5864,Duluth,2026-05-27,evening,take-out,25.0,6.25,5,4,0
5865,Duluth,2026-05-27,morning,delivery,14.0,4.67,4,3,0
5866,Duluth,2026-05-27,morning,dine-in,12.0,4.0,4,3,0
5867,Duluth,2026-05-27,morning,take-out,20.0,6.67,4,3,0
5868,Duluth,2026-05-28,afternoon,delivery,26.0,13.0,5,2,0
5869,Duluth,2026-05-28,afternoon,dine-in,12.0,6.0,5,2,0
5870,Duluth,2026-05-28,afternoon,take-out,35.0,17.5,5,2,0
5871,Duluth,2026-05-28,evening,delivery,11.0,2.75,5,4,0
5872,Duluth,2026-05-28,evening,dine-in,27.0,6.75,5,4,0
5873,Duluth,2026-05-28,evening,take-out,38.0,9.5,5,4,0
5874,Duluth,2026-05-28,morning,delivery,11.0,3.67,4,3,0
5875,Duluth,2026-05-28,morning,dine-in,27.0,9.0,4,3,0
5876,Duluth,2026-05-28,morning,take-out,6.0,2.0,4,3,0
5877,Duluth,2026-05-29,afternoon,delivery,21.0,7.0,5,3,0
5878,Duluth,2026-05-29,afternoon,dine-in,31.0,10.33,5,3,0
5879,Duluth,2026-05-29,afternoon,take-out,45.0,15.0,5,3,0
5880,Duluth,2026-05-29,evening,delivery,5.0,1.25,5,4,0
5881,Duluth,2026-05-29,evening,dine-in,27.0,6.75,5,4,0
5882,Duluth,2026-05-29,evening,take-out,26.0,6.5,5,4,0
5883,Duluth,2026-05-29,morning,delivery,17.0,8.5,4,2,0
5884,Duluth,2026-05-29,morning,dine-in,14.0,7.0,4,2,0
5885,Duluth,2026-05-29,morning,take-out,12.0,6.0,4,2,0
5886,Duluth,2026-05-30,afternoon,delivery,13.0,4.33,6,3,0
5887,Duluth,2026-05-30,afternoon,dine-in,34.0,11.33,6,3,0
5888,Duluth,2026-05-30,afternoon,take-out,31.0,10.33,6,3,0
5889,Duluth,2026-05-30,evening,delivery,2.0,0.5,6,4,0
5890,Duluth,2026-05-30,evening,dine-in,32.0,8.0,6,4,0
5891,Duluth,2026-05-30,evening,take-out,35.0,8.75,6,4,0
5892,Duluth,2026-05-30,morning,delivery,5.0,1.67,4,3,0
5893,Duluth,2026-05-30,morning,dine-in,23.0,7.67,4,3,0
5894,Duluth,2026-05-30,morning,take-out,24.0,8.0,4,3,0
5895,Duluth,2026-05-31,afternoon,delivery,24.0,8.0,6,3,0
5896,Duluth,2026-05-31,afternoon,dine-in,28.0,9.33,6,3,0
5897,Duluth,2026-05-31,afternoon,take-out,39.0,13.0,6,3,0
5898,Duluth,2026-05-31,evening,delivery,15.0,3.0,6,5,0
5899,Duluth,2026-05-31,evening,dine-in,34.0,6.8,6,5,0
5900,Duluth,2026-05-31,evening,take-out,24.0,4.8,6,5,0
5901,Duluth,2026-05-31,morning,delivery,19.0,9.5,4,2,0
5902,Duluth,2026-05-31,morning,dine-in,22.0,11.0,4,2,0
5903,Duluth,2026-05-31,morning,take-out,14.0,7.0,4,2,0
5904,Duluth,2026-06-01,afternoon,delivery,8.0,8.0,5,1,0
5905,Duluth,2026-06-01,afternoon,dine-in,27.0,27.0,5,1,0
5906,Duluth,2026-06-01,afternoon,take-out,31.0,31.0,5,1,0
5907,Duluth,2026-06-01,evening,delivery,12.0,12.0,5,1,0
5908,Duluth,2026-06-01,evening,dine-in,27.0,27.0,5,1,0
5909,Duluth,2026-06-01,evening,take-out,15.0,15.0,5,1,0
5910,Duluth,2026-06-01,morning,delivery,20.0,6.67,4,3,0
5911,Duluth,2026-06-01,morning,dine-in,13.0,4.33,4,3,0
5912,Duluth,2026-06-01,morning,take-out,18.0,6.0,4,3,0
5913,Duluth,2026-06-02,afternoon,delivery,14.0,7.0,5,2,0
5914,Duluth,2026-06-02,afternoon,dine-in,32.0,16.0,5,2,0
5915,Duluth,2026-06-02,afternoon,take-out,17.0,8.5,5,2,0
5916,Duluth,2026-06-02,evening,delivery,20.0,6.67,5,3,0
5917,Duluth,2026-06-02,evening,dine-in,12.0,4.0,5,3,0
5918,Duluth,2026-06-02,evening,take-out,19.0,6.33,5,3,0
5919,Duluth,2026-06-02,morning,delivery,6.0,2.0,4,3,0
5920,Duluth,2026-06-02,morning,dine-in,13.0,4.33,4,3,0
5921,Duluth,2026-06-02,morning,take-out,22.0,7.33,4,3,0
5922,Duluth,2026-06-03,afternoon,delivery,11.0,5.5,5,2,0
5923,Duluth,2026-06-03,afternoon,dine-in,28.0,14.0,5,2,0
5924,Duluth,2026-06-03,afternoon,take-out,27.0,13.5,5,2,0
5925,Duluth,2026-06-03,evening,delivery,6.0,3.0,5,2,0
5926,Duluth,2026-06-03,evening,dine-in,14.0,7.0,5,2,0
5927,Duluth,2026-06-03,evening,take-out,25.0,12.5,5,2,0
5928,Duluth,2026-06-03,morning,delivery,18.0,6.0,4,3,0
5929,Duluth,2026-06-03,morning,dine-in,19.0,6.33,4,3,0
5930,Duluth,2026-06-03,morning,take-out,15.0,5.0,4,3,0
5931,Duluth,2026-06-04,afternoon,delivery,21.0,7.0,5,3,0
5932,Duluth,2026-06-04,afternoon,dine-in,28.0,9.33,5,3,0
5933,Duluth,2026-06-04,afternoon,take-out,31.0,10.33,5,3,0
5934,Duluth,2026-06-04,evening,delivery,22.0,11.0,5,2,0
5935,Duluth,2026-06-04,evening,dine-in,20.0,10.0,5,2,0
5936,Duluth,2026-06-04,evening,take-out,17.0,8.5,5,2,0
5937,Duluth,2026-06-04,morning,delivery,7.0,3.5,4,2,0
5938,Duluth,2026-06-04,morning,dine-in,23.0,11.5,4,2,0
5939,Duluth,2026-06-04,morning,take-out,18.0,9.0,4,2,0
5940,Duluth,2026-06-05,afternoon,delivery,6.0,3.0,5,2,0
5941,Duluth,2026-06-05,afternoon,dine-in,46.0,23.0,5,2,0
5942,Duluth,2026-06-05,afternoon,take-out,36.0,18.0,5,2,0
5943,Duluth,2026-06-05,evening,delivery,8.0,4.0,5,2,0
5944,Duluth,2026-06-05,evening,dine-in,35.0,17.5,5,2,0
5945,Duluth,2026-06-05,evening,take-out,17.0,8.5,5,2,0
5946,Duluth,2026-06-05,morning,delivery,8.0,4.0,4,2,0
5947,Duluth,2026-06-05,morning,dine-in,18.0,9.0,4,2,0
5948,Duluth,2026-06-05,morning,take-out,13.0,6.5,4,2,0
5949,Duluth,2026-06-06,afternoon,delivery,29.0,9.67,6,3,0
5950,Duluth,2026-06-06,afternoon,dine-in,43.0,14.33,6,3,0
5951,Duluth,2026-06-06,afternoon,take-out,35.0,11.67,6,3,0
5952,Duluth,2026-06-06,evening,delivery,17.0,4.25,6,4,0
5953,Duluth,2026-06-06,evening,dine-in,16.0,4.0,6,4,0
5954,Duluth,2026-06-06,evening,take-out,22.0,5.5,6,4,0
5955,Duluth,2026-06-06,morning,delivery,14.0,7.0,4,2,0
5956,Duluth,2026-06-06,morning,dine-in,11.0,5.5,4,2,0
5957,Duluth,2026-06-06,morning,take-out,25.0,12.5,4,2,0
5958,Duluth,2026-06-07,afternoon,delivery,16.0,4.0,6,4,0
5959,Duluth,2026-06-07,afternoon,dine-in,34.0,8.5,6,4,0
5960,Duluth,2026-06-07,afternoon,take-out,33.0,8.25,6,4,0
5961,Duluth,2026-06-07,evening,delivery,10.0,5.0,6,2,0
5962,Duluth,2026-06-07,evening,dine-in,50.0,25.0,6,2,0
5963,Duluth,2026-06-07,evening,take-out,33.0,16.5,6,2,0
5964,Duluth,2026-06-07,morning,delivery,10.0,5.0,4,2,0
5965,Duluth,2026-06-07,morning,dine-in,18.0,9.0,4,2,0
5966,Duluth,2026-06-07,morning,take-out,28.0,14.0,4,2,0
5967,Duluth,2026-06-08,afternoon,delivery,12.0,3.0,5,4,0
5968,Duluth,2026-06-08,afternoon,dine-in,27.0,6.75,5,4,0
5969,Duluth,2026-06-08,afternoon,take-out,33.0,8.25,5,4,0
5970,Duluth,2026-06-08,evening,delivery,15.0,15.0,5,1,0
5971,Duluth,2026-06-08,evening,dine-in,32.0,32.0,5,1,0
5972,Duluth,2026-06-08,evening,take-out,12.0,12.0,5,1,0
5973,Duluth,2026-06-08,morning,delivery,6.0,3.0,4,2,0
5974,Duluth,2026-06-08,morning,dine-in,30.0,15.0,4,2,0
5975,Duluth,2026-06-08,morning,take-out,14.0,7.0,4,2,0
5976,Duluth,2026-06-09,afternoon,delivery,12.0,4.0,5,3,0
5977,Duluth,2026-06-09,afternoon,dine-in,41.0,13.67,5,3,0
5978,Duluth,2026-06-09,afternoon,take-out,35.0,11.67,5,3,0
5979,Duluth,2026-06-09,evening,delivery,7.0,3.5,5,2,0
5980,Duluth,2026-06-09,evening,dine-in,21.0,10.5,5,2,0
5981,Duluth,2026-06-09,evening,take-out,39.0,19.5,5,2,0
5982,Duluth,2026-06-09,morning,delivery,7.0,2.33,4,3,0
5983,Duluth,2026-06-09,morning,dine-in,18.0,6.0,4,3,0
5984,Duluth,2026-06-09,morning,take-out,19.0,6.33,4,3,0
5985,Duluth,2026-06-10,afternoon,delivery,14.0,2.8,5,5,0
5986,Duluth,2026-06-10,afternoon,dine-in,43.0,8.6,5,5,0
5987,Duluth,2026-06-10,afternoon,take-out,20.0,4.0,5,5,0
5988,Duluth,2026-06-10,evening,delivery,7.0,2.33,5,3,0
5989,Duluth,2026-06-10,evening,dine-in,18.0,6.0,5,3,0
5990,Duluth,2026-06-10,evening,take-out,15.0,5.0,5,3,0
5991,Duluth,2026-06-10,morning,delivery,14.0,4.67,4,3,0
5992,Duluth,2026-06-10,morning,dine-in,19.0,6.33,4,3,0
5993,Duluth,2026-06-10,morning,take-out,11.0,3.67,4,3,0
5994,Duluth,2026-06-11,afternoon,delivery,18.0,9.0,5,2,0
5995,Duluth,2026-06-11,afternoon,dine-in,35.0,17.5,5,2,0
5996,Duluth,2026-06-11,afternoon,take-out,21.0,10.5,5,2,0
5997,Duluth,2026-06-11,evening,delivery,12.0,4.0,5,3,0
5998,Duluth,2026-06-11,evening,dine-in,19.0,6.33,5,3,0
5999,Duluth,2026-06-11,evening,take-out,31.0,10.33,5,3,0
6000,Duluth,2026-06-11,morning,delivery,11.0,3.67,4,3,0
6001,Duluth,2026-06-11,morning,dine-in,2.0,0.67,4,3,0
6002,Duluth,2026-06-11,morning,take-out,24.0,8.0,4,3,0
6003,Duluth,2026-06-12,afternoon,delivery,5.0,1.25,5,4,0
6004,Duluth,2026-06-12,afternoon,dine-in,33.0,8.25,5,4,0
6005,Duluth,2026-06-12,afternoon,take-out,29.0,7.25,5,4,0
6006,Duluth,2026-06-12,evening,delivery,17.0,17.0,5,1,0
6007,Duluth,2026-06-12,evening,dine-in,30.0,30.0,5,1,0
6008,Duluth,2026-06-12,evening,take-out,17.0,17.0,5,1,0
6009,Duluth,2026-06-12,morning,delivery,7.0,2.33,4,3,0
6010,Duluth,2026-06-12,morning,dine-in,15.0,5.0,4,3,0
6011,Duluth,2026-06-12,morning,take-out,26.0,8.67,4,3,0
6012,Duluth,2026-06-13,afternoon,delivery,20.0,6.67,6,3,0
6013,Duluth,2026-06-13,afternoon,dine-in,52.0,17.33,6,3,0
6014,Duluth,2026-06-13,afternoon,take-out,38.0,12.67,6,3,0
6015,Duluth,2026-06-13,evening,delivery,6.0,1.5,6,4,0
6016,Duluth,2026-06-13,evening,dine-in,30.0,7.5,6,4,0
6017,Duluth,2026-06-13,evening,take-out,28.0,7.0,6,4,0
6018,Duluth,2026-06-13,morning,delivery,12.0,6.0,4,2,0
6019,Duluth,2026-06-13,morning,dine-in,15.0,7.5,4,2,0
6020,Duluth,2026-06-13,morning,take-out,37.0,18.5,4,2,0
6021,Duluth,2026-06-14,afternoon,delivery,18.0,3.6,6,5,0
6022,Duluth,2026-06-14,afternoon,dine-in,32.0,6.4,6,5,0
6023,Duluth,2026-06-14,afternoon,take-out,46.0,9.2,6,5,0
6024,Duluth,2026-06-14,evening,delivery,12.0,12.0,6,1,0
6025,Duluth,2026-06-14,evening,dine-in,31.0,31.0,6,1,0
6026,Duluth,2026-06-14,evening,take-out,19.0,19.0,6,1,0
6027,Duluth,2026-06-14,morning,delivery,20.0,6.67,4,3,0
6028,Duluth,2026-06-14,morning,dine-in,16.0,5.33,4,3,0
6029,Duluth,2026-06-14,morning,take-out,23.0,7.67,4,3,0
6030,Duluth,2026-06-15,afternoon,delivery,34.0,5.67,10,6,1
6031,Duluth,2026-06-15,afternoon,dine-in,98.0,16.33,10,6,1
6032,Duluth,2026-06-15,afternoon,take-out,65.0,10.83,10,6,1
6033,Duluth,2026-06-15,evening,delivery,14.0,2.8,10,5,1
6034,Duluth,2026-06-15,evening,dine-in,36.0,7.2,10,5,1
6035,Duluth,2026-06-15,evening,take-out,34.0,6.8,10,5,1
6036,Duluth,2026-06-15,morning,delivery,23.0,5.75,7,4,1
6037,Duluth,2026-06-15,morning,dine-in,48.0,12.0,7,4,1
6038,Duluth,2026-06-15,morning,take-out,25.0,6.25,7,4,1
6039,Duluth,2026-06-16,afternoon,delivery,11.0,2.75,5,4,0
6040,Duluth,2026-06-16,afternoon,dine-in,42.0,10.5,5,4,0
6041,Duluth,2026-06-16,afternoon,take-out,20.0,5.0,5,4,0
6042,Duluth,2026-06-16,evening,delivery,11.0,2.75,5,4,0
6043,Duluth,2026-06-16,evening,dine-in,27.0,6.75,5,4,0
6044,Duluth,2026-06-16,evening,take-out,32.0,8.0,5,4,0
6045,Duluth,2026-06-16,morning,delivery,3.0,1.5,4,2,0
6046,Duluth,2026-06-16,morning,dine-in,20.0,10.0,4,2,0
6047,Duluth,2026-06-16,morning,take-out,26.0,13.0,4,2,0
6048,Duluth,2026-06-17,afternoon,delivery,25.0,8.33,5,3,0
6049,Duluth,2026-06-17,afternoon,dine-in,11.0,3.67,5,3,0
6050,Duluth,2026-06-17,afternoon,take-out,43.0,14.33,5,3,0
6051,Duluth,2026-06-17,evening,delivery,28.0,9.33,5,3,0
6052,Duluth,2026-06-17,evening,dine-in,16.0,5.33,5,3,0
6053,Duluth,2026-06-17,evening,take-out,23.0,7.67,5,3,0
6054,Duluth,2026-06-17,morning,delivery,7.0,3.5,4,2,0
6055,Duluth,2026-06-17,morning,dine-in,9.0,4.5,4,2,0
6056,Duluth,2026-06-17,morning,take-out,25.0,12.5,4,2,0
6057,Duluth,2026-06-18,afternoon,delivery,33.0,6.6,10,5,1
6058,Duluth,2026-06-18,afternoon,dine-in,98.0,19.6,10,5,1
6059,Duluth,2026-06-18,afternoon,take-out,72.0,14.4,10,5,1
6060,Duluth,2026-06-18,evening,delivery,20.0,5.0,10,4,1
6061,Duluth,2026-06-18,evening,dine-in,36.0,9.0,10,4,1
6062,Duluth,2026-06-18,evening,take-out,30.0,7.5,10,4,1
6063,Duluth,2026-06-18,morning,delivery,41.0,8.2,7,5,1
6064,Duluth,2026-06-18,morning,dine-in,30.0,6.0,7,5,1
6065,Duluth,2026-06-18,morning,take-out,32.0,6.4,7,5,1
6066,Duluth,2026-06-19,afternoon,delivery,13.0,6.5,5,2,0
6067,Duluth,2026-06-19,afternoon,dine-in,17.0,8.5,5,2,0
6068,Duluth,2026-06-19,afternoon,take-out,38.0,19.0,5,2,0
6069,Duluth,2026-06-19,evening,delivery,21.0,5.25,5,4,0
6070,Duluth,2026-06-19,evening,dine-in,11.0,2.75,5,4,0
6071,Duluth,2026-06-19,evening,take-out,16.0,4.0,5,4,0
6072,Duluth,2026-06-19,morning,delivery,9.0,4.5,4,2,0
6073,Duluth,2026-06-19,morning,dine-in,10.0,5.0,4,2,0
6074,Duluth,2026-06-19,morning,take-out,25.0,12.5,4,2,0
6075,Duluth,2026-06-20,afternoon,delivery,15.0,3.75,6,4,0
6076,Duluth,2026-06-20,afternoon,dine-in,32.0,8.0,6,4,0
6077,Duluth,2026-06-20,afternoon,take-out,39.0,9.75,6,4,0
6078,Duluth,2026-06-20,evening,delivery,26.0,8.67,6,3,0
6079,Duluth,2026-06-20,evening,dine-in,25.0,8.33,6,3,0
6080,Duluth,2026-06-20,evening,take-out,22.0,7.33,6,3,0
6081,Duluth,2026-06-21,afternoon,delivery,45.0,9.0,10,5,1
6082,Duluth,2026-06-21,afternoon,dine-in,86.0,17.2,10,5,1
6083,Duluth,2026-06-21,afternoon,take-out,66.0,13.2,10,5,1
6084,Duluth,2026-06-21,evening,delivery,26.0,3.71,10,7,1
6085,Duluth,2026-06-21,evening,dine-in,53.0,7.57,10,7,1
6086,Duluth,2026-06-21,evening,take-out,45.0,6.43,10,7,1
6087,Duluth,2026-06-21,morning,delivery,30.0,10.0,7,3,1
6088,Duluth,2026-06-21,morning,dine-in,45.0,15.0,7,3,1
6089,Duluth,2026-06-21,morning,take-out,51.0,17.0,7,3,1
6090,Duluth,2026-06-22,afternoon,delivery,15.0,7.5,5,2,0
6091,Duluth,2026-06-22,afternoon,dine-in,24.0,12.0,5,2,0
6092,Duluth,2026-06-22,afternoon,take-out,32.0,16.0,5,2,0
6093,Duluth,2026-06-22,evening,delivery,15.0,7.5,5,2,0
6094,Duluth,2026-06-22,evening,dine-in,10.0,5.0,5,2,0
6095,Duluth,2026-06-22,evening,take-out,32.0,16.0,5,2,0
6096,Duluth,2026-06-22,morning,delivery,7.0,2.33,4,3,0
6097,Duluth,2026-06-22,morning,dine-in,20.0,6.67,4,3,0
6098,Duluth,2026-06-22,morning,take-out,16.0,5.33,4,3,0
6099,Duluth,2026-06-23,afternoon,delivery,9.0,3.0,5,3,0
6100,Duluth,2026-06-23,afternoon,dine-in,28.0,9.33,5,3,0
6101,Duluth,2026-06-23,afternoon,take-out,34.0,11.33,5,3,0
6102,Duluth,2026-06-23,evening,delivery,12.0,3.0,5,4,0
6103,Duluth,2026-06-23,evening,dine-in,32.0,8.0,5,4,0
6104,Duluth,2026-06-23,evening,take-out,8.0,2.0,5,4,0
6105,Duluth,2026-06-23,morning,delivery,7.0,2.33,4,3,0
6106,Duluth,2026-06-23,morning,dine-in,23.0,7.67,4,3,0
6107,Duluth,2026-06-23,morning,take-out,16.0,5.33,4,3,0
6108,Duluth,2026-06-24,afternoon,delivery,30.0,5.0,10,6,1
6109,Duluth,2026-06-24,afternoon,dine-in,52.0,8.67,10,6,1
6110,Duluth,2026-06-24,afternoon,take-out,94.0,15.67,10,6,1
6111,Duluth,2026-06-24,evening,delivery,20.0,4.0,10,5,1
6112,Duluth,2026-06-24,evening,dine-in,58.0,11.6,10,5,1
6113,Duluth,2026-06-24,evening,take-out,56.0,11.2,10,5,1
6114,Duluth,2026-06-24,morning,delivery,29.0,9.67,7,3,1
6115,Duluth,2026-06-24,morning,dine-in,11.0,3.67,7,3,1
6116,Duluth,2026-06-24,morning,take-out,32.0,10.67,7,3,1
6117,Duluth,2026-06-25,afternoon,delivery,12.0,4.0,5,3,0
6118,Duluth,2026-06-25,afternoon,dine-in,34.0,11.33,5,3,0
6119,Duluth,2026-06-25,afternoon,take-out,23.0,7.67,5,3,0
6120,Duluth,2026-06-25,evening,delivery,16.0,8.0,5,2,0
6121,Duluth,2026-06-25,evening,dine-in,11.0,5.5,5,2,0
6122,Duluth,2026-06-25,evening,take-out,36.0,18.0,5,2,0
6123,Duluth,2026-06-25,morning,delivery,8.0,4.0,4,2,0
6124,Duluth,2026-06-25,morning,dine-in,18.0,9.0,4,2,0
6125,Duluth,2026-06-25,morning,take-out,22.0,11.0,4,2,0
6126,Duluth,2026-06-26,afternoon,delivery,14.0,4.67,5,3,0
6127,Duluth,2026-06-26,afternoon,dine-in,30.0,10.0,5,3,0
6128,Duluth,2026-06-26,afternoon,take-out,24.0,8.0,5,3,0
6129,Duluth,2026-06-26,evening,delivery,15.0,7.5,5,2,0
6130,Duluth,2026-06-26,evening,dine-in,14.0,7.0,5,2,0
6131,Duluth,2026-06-26,evening,take-out,23.0,11.5,5,2,0
6132,Duluth,2026-06-26,morning,delivery,12.0,12.0,4,1,0
6133,Duluth,2026-06-26,morning,dine-in,16.0,16.0,4,1,0
6134,Duluth,2026-06-26,morning,take-out,22.0,22.0,4,1,0
6135,Duluth,2026-06-27,afternoon,delivery,43.0,8.6,10,5,1
6136,Duluth,2026-06-27,afternoon,dine-in,122.0,24.4,10,5,1
6137,Duluth,2026-06-27,afternoon,take-out,97.0,19.4,10,5,1
6138,Duluth,2026-06-27,evening,delivery,29.0,5.8,10,5,1
6139,Duluth,2026-06-27,evening,dine-in,86.0,17.2,10,5,1
6140,Duluth,2026-06-27,evening,take-out,89.0,17.8,10,5,1
6141,Duluth,2026-06-27,morning,delivery,6.0,2.0,7,3,1
6142,Duluth,2026-06-27,morning,dine-in,37.0,12.33,7,3,1
6143,Duluth,2026-06-27,morning,take-out,36.0,12.0,7,3,1
6144,Duluth,2026-06-28,afternoon,delivery,14.0,7.0,6,2,0
6145,Duluth,2026-06-28,afternoon,dine-in,38.0,19.0,6,2,0
6146,Duluth,2026-06-28,afternoon,take-out,26.0,13.0,6,2,0
6147,Duluth,2026-06-28,evening,delivery,7.0,2.33,6,3,0
6148,Duluth,2026-06-28,evening,dine-in,23.0,7.67,6,3,0
6149,Duluth,2026-06-28,evening,take-out,30.0,10.0,6,3,0
6150,Duluth,2026-06-28,morning,delivery,11.0,5.5,4,2,0
6151,Duluth,2026-06-28,morning,dine-in,25.0,12.5,4,2,0
6152,Duluth,2026-06-28,morning,take-out,15.0,7.5,4,2,0
6153,Duluth,2026-06-29,afternoon,delivery,22.0,7.33,5,3,0
6154,Duluth,2026-06-29,afternoon,dine-in,33.0,11.0,5,3,0
6155,Duluth,2026-06-29,afternoon,take-out,15.0,5.0,5,3,0
6156,Duluth,2026-06-29,evening,delivery,7.0,3.5,5,2,0
6157,Duluth,2026-06-29,evening,dine-in,36.0,18.0,5,2,0
6158,Duluth,2026-06-29,evening,take-out,16.0,8.0,5,2,0
6159,Duluth,2026-06-29,morning,delivery,5.0,2.5,4,2,0
6160,Duluth,2026-06-29,morning,dine-in,26.0,13.0,4,2,0
6161,Duluth,2026-06-29,morning,take-out,24.0,12.0,4,2,0
6162,Duluth,2026-06-30,afternoon,delivery,8.0,4.0,5,2,0
6163,Duluth,2026-06-30,afternoon,dine-in,41.0,20.5,5,2,0
6164,Duluth,2026-06-30,afternoon,take-out,32.0,16.0,5,2,0
6165,Duluth,2026-06-30,evening,delivery,10.0,2.5,5,4,0
6166,Duluth,2026-06-30,evening,dine-in,24.0,6.0,5,4,0
6167,Duluth,2026-06-30,evening,take-out,20.0,5.0,5,4,0
6168,Duluth,2026-06-30,morning,delivery,9.0,3.0,4,3,0
6169,Duluth,2026-06-30,morning,dine-in,17.0,5.67,4,3,0
6170,Duluth,2026-06-30,morning,take-out,13.0,4.33,4,3,0
6171,Smyrna,2026-01-01,afternoon,delivery,10.0,5.0,3,2,0
6172,Smyrna,2026-01-01,afternoon,dine-in,27.0,13.5,3,2,0
6173,Smyrna,2026-01-01,afternoon,take-out,28.0,14.0,3,2,0
6174,Smyrna,2026-01-01,evening,delivery,9.0,9.0,3,1,0
6175,Smyrna,2026-01-01,evening,dine-in,13.0,13.0,3,1,0
6176,Smyrna,2026-01-01,evening,take-out,15.0,15.0,3,1,0
6177,Smyrna,2026-01-02,afternoon,delivery,5.0,1.67,3,3,0
6178,Smyrna,2026-01-02,afternoon,dine-in,35.0,11.67,3,3,0
6179,Smyrna,2026-01-02,afternoon,take-out,42.0,14.0,3,3,0
6180,Smyrna,2026-01-02,evening,delivery,12.0,12.0,3,1,0
6181,Smyrna,2026-01-02,evening,dine-in,22.0,22.0,3,1,0
6182,Smyrna,2026-01-02,evening,take-out,11.0,11.0,3,1,0
6183,Smyrna,2026-01-03,afternoon,delivery,14.0,7.0,4,2,0
6184,Smyrna,2026-01-03,afternoon,dine-in,29.0,14.5,4,2,0
6185,Smyrna,2026-01-03,afternoon,take-out,49.0,24.5,4,2,0
6186,Smyrna,2026-01-03,evening,delivery,17.0,17.0,3,1,0
6187,Smyrna,2026-01-03,evening,dine-in,21.0,21.0,3,1,0
6188,Smyrna,2026-01-03,evening,take-out,24.0,24.0,3,1,0
6189,Smyrna,2026-01-03,morning,delivery,11.0,11.0,2,1,0
6190,Smyrna,2026-01-03,morning,dine-in,15.0,15.0,2,1,0
6191,Smyrna,2026-01-03,morning,take-out,26.0,26.0,2,1,0
6192,Smyrna,2026-01-04,afternoon,delivery,27.0,6.75,4,4,0
6193,Smyrna,2026-01-04,afternoon,dine-in,21.0,5.25,4,4,0
6194,Smyrna,2026-01-04,afternoon,take-out,51.0,12.75,4,4,0
6195,Smyrna,2026-01-04,evening,delivery,20.0,10.0,3,2,0
6196,Smyrna,2026-01-04,evening,dine-in,34.0,17.0,3,2,0
6197,Smyrna,2026-01-04,evening,take-out,18.0,9.0,3,2,0
6198,Smyrna,2026-01-04,morning,delivery,15.0,15.0,2,1,0
6199,Smyrna,2026-01-04,morning,dine-in,24.0,24.0,2,1,0
6200,Smyrna,2026-01-04,morning,take-out,14.0,14.0,2,1,0
6201,Smyrna,2026-01-05,afternoon,delivery,6.0,2.0,3,3,0
6202,Smyrna,2026-01-05,afternoon,dine-in,32.0,10.67,3,3,0
6203,Smyrna,2026-01-05,afternoon,take-out,28.0,9.33,3,3,0
6204,Smyrna,2026-01-05,evening,delivery,9.0,4.5,3,2,0
6205,Smyrna,2026-01-05,evening,dine-in,19.0,9.5,3,2,0
6206,Smyrna,2026-01-05,evening,take-out,9.0,4.5,3,2,0
6207,Smyrna,2026-01-05,morning,delivery,7.0,3.5,2,2,0
6208,Smyrna,2026-01-05,morning,dine-in,17.0,8.5,2,2,0
6209,Smyrna,2026-01-05,morning,take-out,18.0,9.0,2,2,0
6210,Smyrna,2026-01-06,afternoon,delivery,10.0,3.33,3,3,0
6211,Smyrna,2026-01-06,afternoon,dine-in,37.0,12.33,3,3,0
6212,Smyrna,2026-01-06,afternoon,take-out,18.0,6.0,3,3,0
6213,Smyrna,2026-01-06,evening,delivery,7.0,7.0,3,1,0
6214,Smyrna,2026-01-06,evening,dine-in,18.0,18.0,3,1,0
6215,Smyrna,2026-01-06,evening,take-out,24.0,24.0,3,1,0
6216,Smyrna,2026-01-06,morning,delivery,6.0,3.0,2,2,0
6217,Smyrna,2026-01-06,morning,dine-in,18.0,9.0,2,2,0
6218,Smyrna,2026-01-06,morning,take-out,18.0,9.0,2,2,0
6219,Smyrna,2026-01-07,afternoon,delivery,15.0,7.5,3,2,0
6220,Smyrna,2026-01-07,afternoon,dine-in,32.0,16.0,3,2,0
6221,Smyrna,2026-01-07,afternoon,take-out,17.0,8.5,3,2,0
6222,Smyrna,2026-01-07,evening,delivery,3.0,3.0,3,1,0
6223,Smyrna,2026-01-07,evening,dine-in,15.0,15.0,3,1,0
6224,Smyrna,2026-01-07,evening,take-out,26.0,26.0,3,1,0
6225,Smyrna,2026-01-08,afternoon,delivery,35.0,17.5,3,2,0
6226,Smyrna,2026-01-08,afternoon,dine-in,13.0,6.5,3,2,0
6227,Smyrna,2026-01-08,afternoon,take-out,23.0,11.5,3,2,0
6228,Smyrna,2026-01-08,evening,delivery,8.0,2.67,3,3,0
6229,Smyrna,2026-01-08,evening,dine-in,23.0,7.67,3,3,0
6230,Smyrna,2026-01-08,evening,take-out,12.0,4.0,3,3,0
6231,Smyrna,2026-01-08,morning,delivery,4.0,4.0,2,1,0
6232,Smyrna,2026-01-08,morning,dine-in,20.0,20.0,2,1,0
6233,Smyrna,2026-01-08,morning,take-out,23.0,23.0,2,1,0
6234,Smyrna,2026-01-09,afternoon,delivery,11.0,3.67,3,3,0
6235,Smyrna,2026-01-09,afternoon,dine-in,22.0,7.33,3,3,0
6236,Smyrna,2026-01-09,afternoon,take-out,29.0,9.67,3,3,0
6237,Smyrna,2026-01-09,evening,delivery,15.0,7.5,3,2,0
6238,Smyrna,2026-01-09,evening,dine-in,18.0,9.0,3,2,0
6239,Smyrna,2026-01-09,evening,take-out,23.0,11.5,3,2,0
6240,Smyrna,2026-01-09,morning,delivery,9.0,4.5,2,2,0
6241,Smyrna,2026-01-09,morning,dine-in,11.0,5.5,2,2,0
6242,Smyrna,2026-01-09,morning,take-out,22.0,11.0,2,2,0
6243,Smyrna,2026-01-10,afternoon,delivery,12.0,4.0,4,3,0
6244,Smyrna,2026-01-10,afternoon,dine-in,36.0,12.0,4,3,0
6245,Smyrna,2026-01-10,afternoon,take-out,37.0,12.33,4,3,0
6246,Smyrna,2026-01-10,evening,delivery,16.0,8.0,3,2,0
6247,Smyrna,2026-01-10,evening,dine-in,24.0,12.0,3,2,0
6248,Smyrna,2026-01-10,evening,take-out,15.0,7.5,3,2,0
6249,Smyrna,2026-01-10,morning,delivery,12.0,6.0,2,2,0
6250,Smyrna,2026-01-10,morning,dine-in,22.0,11.0,2,2,0
6251,Smyrna,2026-01-10,morning,take-out,12.0,6.0,2,2,0
6252,Smyrna,2026-01-11,afternoon,delivery,20.0,20.0,4,1,0
6253,Smyrna,2026-01-11,afternoon,dine-in,32.0,32.0,4,1,0
6254,Smyrna,2026-01-11,afternoon,take-out,33.0,33.0,4,1,0
6255,Smyrna,2026-01-11,evening,delivery,16.0,16.0,3,1,0
6256,Smyrna,2026-01-11,evening,dine-in,15.0,15.0,3,1,0
6257,Smyrna,2026-01-11,evening,take-out,25.0,25.0,3,1,0
6258,Smyrna,2026-01-11,morning,delivery,8.0,8.0,2,1,0
6259,Smyrna,2026-01-11,morning,dine-in,24.0,24.0,2,1,0
6260,Smyrna,2026-01-11,morning,take-out,17.0,17.0,2,1,0
6261,Smyrna,2026-01-12,afternoon,delivery,19.0,6.33,3,3,0
6262,Smyrna,2026-01-12,afternoon,dine-in,46.0,15.33,3,3,0
6263,Smyrna,2026-01-12,afternoon,take-out,23.0,7.67,3,3,0
6264,Smyrna,2026-01-12,evening,delivery,7.0,3.5,3,2,0
6265,Smyrna,2026-01-12,evening,dine-in,11.0,5.5,3,2,0
6266,Smyrna,2026-01-12,evening,take-out,21.0,10.5,3,2,0
6267,Smyrna,2026-01-12,morning,delivery,20.0,10.0,2,2,0
6268,Smyrna,2026-01-12,morning,dine-in,8.0,4.0,2,2,0
6269,Smyrna,2026-01-12,morning,take-out,6.0,3.0,2,2,0
6270,Smyrna,2026-01-13,afternoon,delivery,9.0,4.5,3,2,0
6271,Smyrna,2026-01-13,afternoon,dine-in,31.0,15.5,3,2,0
6272,Smyrna,2026-01-13,afternoon,take-out,34.0,17.0,3,2,0
6273,Smyrna,2026-01-13,evening,delivery,7.0,7.0,3,1,0
6274,Smyrna,2026-01-13,evening,dine-in,19.0,19.0,3,1,0
6275,Smyrna,2026-01-13,evening,take-out,17.0,17.0,3,1,0
6276,Smyrna,2026-01-13,morning,delivery,6.0,6.0,2,1,0
6277,Smyrna,2026-01-13,morning,dine-in,20.0,20.0,2,1,0
6278,Smyrna,2026-01-13,morning,take-out,21.0,21.0,2,1,0
6279,Smyrna,2026-01-14,evening,delivery,5.0,5.0,3,1,0
6280,Smyrna,2026-01-14,evening,dine-in,20.0,20.0,3,1,0
6281,Smyrna,2026-01-14,evening,take-out,16.0,16.0,3,1,0
6282,Smyrna,2026-01-14,morning,delivery,9.0,9.0,2,1,0
6283,Smyrna,2026-01-14,morning,dine-in,20.0,20.0,2,1,0
6284,Smyrna,2026-01-14,morning,take-out,14.0,14.0,2,1,0
6285,Smyrna,2026-01-15,afternoon,delivery,20.0,20.0,3,1,0
6286,Smyrna,2026-01-15,afternoon,dine-in,35.0,35.0,3,1,0
6287,Smyrna,2026-01-15,afternoon,take-out,20.0,20.0,3,1,0
6288,Smyrna,2026-01-15,evening,delivery,8.0,4.0,3,2,0
6289,Smyrna,2026-01-15,evening,dine-in,32.0,16.0,3,2,0
6290,Smyrna,2026-01-15,evening,take-out,15.0,7.5,3,2,0
6291,Smyrna,2026-01-15,morning,delivery,6.0,6.0,2,1,0
6292,Smyrna,2026-01-15,morning,dine-in,14.0,14.0,2,1,0
6293,Smyrna,2026-01-15,morning,take-out,22.0,22.0,2,1,0
6294,Smyrna,2026-01-16,afternoon,delivery,15.0,7.5,3,2,0
6295,Smyrna,2026-01-16,afternoon,dine-in,16.0,8.0,3,2,0
6296,Smyrna,2026-01-16,afternoon,take-out,34.0,17.0,3,2,0
6297,Smyrna,2026-01-16,evening,delivery,5.0,1.67,3,3,0
6298,Smyrna,2026-01-16,evening,dine-in,15.0,5.0,3,3,0
6299,Smyrna,2026-01-16,evening,take-out,26.0,8.67,3,3,0
6300,Smyrna,2026-01-16,morning,delivery,5.0,2.5,2,2,0
6301,Smyrna,2026-01-16,morning,dine-in,25.0,12.5,2,2,0
6302,Smyrna,2026-01-16,morning,take-out,23.0,11.5,2,2,0
6303,Smyrna,2026-01-17,afternoon,delivery,12.0,3.0,4,4,0
6304,Smyrna,2026-01-17,afternoon,dine-in,40.0,10.0,4,4,0
6305,Smyrna,2026-01-17,afternoon,take-out,38.0,9.5,4,4,0
6306,Smyrna,2026-01-17,evening,delivery,1.0,1.0,3,1,0
6307,Smyrna,2026-01-17,evening,dine-in,27.0,27.0,3,1,0
6308,Smyrna,2026-01-17,evening,take-out,36.0,36.0,3,1,0
6309,Smyrna,2026-01-17,morning,delivery,13.0,6.5,2,2,0
6310,Smyrna,2026-01-17,morning,dine-in,23.0,11.5,2,2,0
6311,Smyrna,2026-01-17,morning,take-out,19.0,9.5,2,2,0
6312,Smyrna,2026-01-18,afternoon,delivery,20.0,10.0,4,2,0
6313,Smyrna,2026-01-18,afternoon,dine-in,29.0,14.5,4,2,0
6314,Smyrna,2026-01-18,afternoon,take-out,32.0,16.0,4,2,0
6315,Smyrna,2026-01-18,evening,delivery,5.0,2.5,3,2,0
6316,Smyrna,2026-01-18,evening,dine-in,28.0,14.0,3,2,0
6317,Smyrna,2026-01-18,evening,take-out,9.0,4.5,3,2,0
6318,Smyrna,2026-01-18,morning,delivery,13.0,13.0,2,1,0
6319,Smyrna,2026-01-18,morning,dine-in,16.0,16.0,2,1,0
6320,Smyrna,2026-01-18,morning,take-out,17.0,17.0,2,1,0
6321,Smyrna,2026-01-19,afternoon,delivery,9.0,4.5,3,2,0
6322,Smyrna,2026-01-19,afternoon,dine-in,21.0,10.5,3,2,0
6323,Smyrna,2026-01-19,afternoon,take-out,40.0,20.0,3,2,0
6324,Smyrna,2026-01-19,evening,delivery,9.0,3.0,3,3,0
6325,Smyrna,2026-01-19,evening,dine-in,16.0,5.33,3,3,0
6326,Smyrna,2026-01-19,evening,take-out,26.0,8.67,3,3,0
6327,Smyrna,2026-01-19,morning,delivery,13.0,6.5,2,2,0
6328,Smyrna,2026-01-19,morning,dine-in,10.0,5.0,2,2,0
6329,Smyrna,2026-01-19,morning,take-out,12.0,6.0,2,2,0
6330,Smyrna,2026-01-20,afternoon,delivery,16.0,16.0,3,1,0
6331,Smyrna,2026-01-20,afternoon,dine-in,21.0,21.0,3,1,0
6332,Smyrna,2026-01-20,afternoon,take-out,15.0,15.0,3,1,0
6333,Smyrna,2026-01-20,evening,delivery,5.0,5.0,3,1,0
6334,Smyrna,2026-01-20,evening,dine-in,17.0,17.0,3,1,0
6335,Smyrna,2026-01-20,evening,take-out,21.0,21.0,3,1,0
6336,Smyrna,2026-01-20,morning,delivery,10.0,10.0,2,1,0
6337,Smyrna,2026-01-20,morning,dine-in,13.0,13.0,2,1,0
6338,Smyrna,2026-01-20,morning,take-out,15.0,15.0,2,1,0
6339,Smyrna,2026-01-21,afternoon,delivery,15.0,7.5,3,2,0
6340,Smyrna,2026-01-21,afternoon,dine-in,26.0,13.0,3,2,0
6341,Smyrna,2026-01-21,afternoon,take-out,20.0,10.0,3,2,0
6342,Smyrna,2026-01-21,evening,delivery,11.0,5.5,3,2,0
6343,Smyrna,2026-01-21,evening,dine-in,12.0,6.0,3,2,0
6344,Smyrna,2026-01-21,evening,take-out,14.0,7.0,3,2,0
6345,Smyrna,2026-01-21,morning,delivery,5.0,5.0,2,1,0
6346,Smyrna,2026-01-21,morning,dine-in,23.0,23.0,2,1,0
6347,Smyrna,2026-01-21,morning,take-out,14.0,14.0,2,1,0
6348,Smyrna,2026-01-22,afternoon,delivery,15.0,5.0,3,3,0
6349,Smyrna,2026-01-22,afternoon,dine-in,20.0,6.67,3,3,0
6350,Smyrna,2026-01-22,afternoon,take-out,22.0,7.33,3,3,0
6351,Smyrna,2026-01-22,evening,delivery,11.0,5.5,3,2,0
6352,Smyrna,2026-01-22,evening,dine-in,12.0,6.0,3,2,0
6353,Smyrna,2026-01-22,evening,take-out,18.0,9.0,3,2,0
6354,Smyrna,2026-01-22,morning,delivery,10.0,10.0,2,1,0
6355,Smyrna,2026-01-22,morning,dine-in,11.0,11.0,2,1,0
6356,Smyrna,2026-01-22,morning,take-out,17.0,17.0,2,1,0
6357,Smyrna,2026-01-23,afternoon,delivery,11.0,5.5,3,2,0
6358,Smyrna,2026-01-23,afternoon,dine-in,25.0,12.5,3,2,0
6359,Smyrna,2026-01-23,afternoon,take-out,25.0,12.5,3,2,0
6360,Smyrna,2026-01-23,evening,delivery,22.0,11.0,3,2,0
6361,Smyrna,2026-01-23,evening,dine-in,13.0,6.5,3,2,0
6362,Smyrna,2026-01-23,evening,take-out,14.0,7.0,3,2,0
6363,Smyrna,2026-01-24,afternoon,delivery,12.0,6.0,4,2,0
6364,Smyrna,2026-01-24,afternoon,dine-in,26.0,13.0,4,2,0
6365,Smyrna,2026-01-24,afternoon,take-out,45.0,22.5,4,2,0
6366,Smyrna,2026-01-24,evening,delivery,19.0,9.5,3,2,0
6367,Smyrna,2026-01-24,evening,dine-in,27.0,13.5,3,2,0
6368,Smyrna,2026-01-24,evening,take-out,17.0,8.5,3,2,0
6369,Smyrna,2026-01-24,morning,delivery,16.0,16.0,2,1,0
6370,Smyrna,2026-01-24,morning,dine-in,13.0,13.0,2,1,0
6371,Smyrna,2026-01-24,morning,take-out,29.0,29.0,2,1,0
6372,Smyrna,2026-01-25,afternoon,delivery,13.0,6.5,4,2,0
6373,Smyrna,2026-01-25,afternoon,dine-in,40.0,20.0,4,2,0
6374,Smyrna,2026-01-25,afternoon,take-out,18.0,9.0,4,2,0
6375,Smyrna,2026-01-26,afternoon,delivery,22.0,11.0,3,2,0
6376,Smyrna,2026-01-26,afternoon,dine-in,38.0,19.0,3,2,0
6377,Smyrna,2026-01-26,afternoon,take-out,15.0,7.5,3,2,0
6378,Smyrna,2026-01-26,evening,delivery,14.0,14.0,3,1,0
6379,Smyrna,2026-01-26,evening,dine-in,12.0,12.0,3,1,0
6380,Smyrna,2026-01-26,evening,take-out,14.0,14.0,3,1,0
6381,Smyrna,2026-01-26,morning,delivery,7.0,3.5,2,2,0
6382,Smyrna,2026-01-26,morning,dine-in,30.0,15.0,2,2,0
6383,Smyrna,2026-01-26,morning,take-out,16.0,8.0,2,2,0
6384,Smyrna,2026-01-27,afternoon,delivery,15.0,5.0,3,3,0
6385,Smyrna,2026-01-27,afternoon,dine-in,15.0,5.0,3,3,0
6386,Smyrna,2026-01-27,afternoon,take-out,35.0,11.67,3,3,0
6387,Smyrna,2026-01-27,evening,delivery,5.0,2.5,3,2,0
6388,Smyrna,2026-01-27,evening,dine-in,26.0,13.0,3,2,0
6389,Smyrna,2026-01-27,evening,take-out,19.0,9.5,3,2,0
6390,Smyrna,2026-01-27,morning,delivery,6.0,6.0,2,1,0
6391,Smyrna,2026-01-27,morning,dine-in,18.0,18.0,2,1,0
6392,Smyrna,2026-01-27,morning,take-out,17.0,17.0,2,1,0
6393,Smyrna,2026-01-28,afternoon,delivery,21.0,10.5,3,2,0
6394,Smyrna,2026-01-28,afternoon,dine-in,25.0,12.5,3,2,0
6395,Smyrna,2026-01-28,afternoon,take-out,26.0,13.0,3,2,0
6396,Smyrna,2026-01-28,evening,delivery,16.0,16.0,3,1,0
6397,Smyrna,2026-01-28,evening,dine-in,7.0,7.0,3,1,0
6398,Smyrna,2026-01-28,evening,take-out,22.0,22.0,3,1,0
6399,Smyrna,2026-01-28,morning,delivery,15.0,7.5,2,2,0
6400,Smyrna,2026-01-28,morning,dine-in,20.0,10.0,2,2,0
6401,Smyrna,2026-01-28,morning,take-out,16.0,8.0,2,2,0
6402,Smyrna,2026-01-29,afternoon,delivery,16.0,8.0,3,2,0
6403,Smyrna,2026-01-29,afternoon,dine-in,21.0,10.5,3,2,0
6404,Smyrna,2026-01-29,afternoon,take-out,33.0,16.5,3,2,0
6405,Smyrna,2026-01-29,evening,delivery,18.0,18.0,3,1,0
6406,Smyrna,2026-01-29,evening,dine-in,23.0,23.0,3,1,0
6407,Smyrna,2026-01-29,evening,take-out,16.0,16.0,3,1,0
6408,Smyrna,2026-01-30,afternoon,delivery,15.0,15.0,3,1,0
6409,Smyrna,2026-01-30,afternoon,dine-in,31.0,31.0,3,1,0
6410,Smyrna,2026-01-30,afternoon,take-out,16.0,16.0,3,1,0
6411,Smyrna,2026-01-30,evening,delivery,5.0,2.5,3,2,0
6412,Smyrna,2026-01-30,evening,dine-in,14.0,7.0,3,2,0
6413,Smyrna,2026-01-30,evening,take-out,28.0,14.0,3,2,0
6414,Smyrna,2026-01-30,morning,delivery,4.0,4.0,2,1,0
6415,Smyrna,2026-01-30,morning,dine-in,22.0,22.0,2,1,0
6416,Smyrna,2026-01-30,morning,take-out,13.0,13.0,2,1,0
6417,Smyrna,2026-01-31,afternoon,delivery,14.0,7.0,4,2,0
6418,Smyrna,2026-01-31,afternoon,dine-in,42.0,21.0,4,2,0
6419,Smyrna,2026-01-31,afternoon,take-out,28.0,14.0,4,2,0
6420,Smyrna,2026-01-31,evening,delivery,10.0,5.0,3,2,0
6421,Smyrna,2026-01-31,evening,dine-in,29.0,14.5,3,2,0
6422,Smyrna,2026-01-31,evening,take-out,14.0,7.0,3,2,0
6423,Smyrna,2026-01-31,morning,delivery,14.0,7.0,2,2,0
6424,Smyrna,2026-01-31,morning,dine-in,32.0,16.0,2,2,0
6425,Smyrna,2026-01-31,morning,take-out,9.0,4.5,2,2,0
6426,Smyrna,2026-02-01,afternoon,delivery,6.0,1.5,4,4,0
6427,Smyrna,2026-02-01,afternoon,dine-in,27.0,6.75,4,4,0
6428,Smyrna,2026-02-01,afternoon,take-out,33.0,8.25,4,4,0
6429,Smyrna,2026-02-01,evening,delivery,22.0,11.0,3,2,0
6430,Smyrna,2026-02-01,evening,dine-in,18.0,9.0,3,2,0
6431,Smyrna,2026-02-01,evening,take-out,16.0,8.0,3,2,0
6432,Smyrna,2026-02-01,morning,delivery,4.0,2.0,2,2,0
6433,Smyrna,2026-02-01,morning,dine-in,22.0,11.0,2,2,0
6434,Smyrna,2026-02-01,morning,take-out,24.0,12.0,2,2,0
6435,Smyrna,2026-02-02,afternoon,delivery,15.0,7.5,3,2,0
6436,Smyrna,2026-02-02,afternoon,dine-in,19.0,9.5,3,2,0
6437,Smyrna,2026-02-02,afternoon,take-out,36.0,18.0,3,2,0
6438,Smyrna,2026-02-02,evening,delivery,5.0,5.0,3,1,0
6439,Smyrna,2026-02-02,evening,dine-in,11.0,11.0,3,1,0
6440,Smyrna,2026-02-02,evening,take-out,20.0,20.0,3,1,0
6441,Smyrna,2026-02-02,morning,delivery,1.0,0.5,2,2,0
6442,Smyrna,2026-02-02,morning,dine-in,14.0,7.0,2,2,0
6443,Smyrna,2026-02-02,morning,take-out,23.0,11.5,2,2,0
6444,Smyrna,2026-02-03,afternoon,delivery,27.0,13.5,3,2,0
6445,Smyrna,2026-02-03,afternoon,dine-in,44.0,22.0,3,2,0
6446,Smyrna,2026-02-03,afternoon,take-out,22.0,11.0,3,2,0
6447,Smyrna,2026-02-03,evening,delivery,12.0,6.0,3,2,0
6448,Smyrna,2026-02-03,evening,dine-in,19.0,9.5,3,2,0
6449,Smyrna,2026-02-03,evening,take-out,11.0,5.5,3,2,0
6450,Smyrna,2026-02-03,morning,delivery,11.0,5.5,2,2,0
6451,Smyrna,2026-02-03,morning,dine-in,18.0,9.0,2,2,0
6452,Smyrna,2026-02-03,morning,take-out,16.0,8.0,2,2,0
6453,Smyrna,2026-02-04,afternoon,delivery,12.0,4.0,3,3,0
6454,Smyrna,2026-02-04,afternoon,dine-in,36.0,12.0,3,3,0
6455,Smyrna,2026-02-04,afternoon,take-out,21.0,7.0,3,3,0
6456,Smyrna,2026-02-04,evening,delivery,9.0,4.5,3,2,0
6457,Smyrna,2026-02-04,evening,dine-in,24.0,12.0,3,2,0
6458,Smyrna,2026-02-04,evening,take-out,17.0,8.5,3,2,0
6459,Smyrna,2026-02-04,morning,delivery,14.0,7.0,2,2,0
6460,Smyrna,2026-02-04,morning,dine-in,21.0,10.5,2,2,0
6461,Smyrna,2026-02-04,morning,take-out,21.0,10.5,2,2,0
6462,Smyrna,2026-02-05,afternoon,delivery,17.0,17.0,3,1,0
6463,Smyrna,2026-02-05,afternoon,dine-in,36.0,36.0,3,1,0
6464,Smyrna,2026-02-05,afternoon,take-out,18.0,18.0,3,1,0
6465,Smyrna,2026-02-05,evening,delivery,11.0,5.5,3,2,0
6466,Smyrna,2026-02-05,evening,dine-in,26.0,13.0,3,2,0
6467,Smyrna,2026-02-05,evening,take-out,13.0,6.5,3,2,0
6468,Smyrna,2026-02-05,morning,delivery,6.0,6.0,2,1,0
6469,Smyrna,2026-02-05,morning,dine-in,16.0,16.0,2,1,0
6470,Smyrna,2026-02-05,morning,take-out,16.0,16.0,2,1,0
6471,Smyrna,2026-02-06,evening,delivery,11.0,5.5,3,2,0
6472,Smyrna,2026-02-06,evening,dine-in,17.0,8.5,3,2,0
6473,Smyrna,2026-02-06,evening,take-out,21.0,10.5,3,2,0
6474,Smyrna,2026-02-06,morning,delivery,1.0,1.0,2,1,0
6475,Smyrna,2026-02-06,morning,dine-in,15.0,15.0,2,1,0
6476,Smyrna,2026-02-06,morning,take-out,12.0,12.0,2,1,0
6477,Smyrna,2026-02-07,afternoon,delivery,10.0,5.0,4,2,0
6478,Smyrna,2026-02-07,afternoon,dine-in,44.0,22.0,4,2,0
6479,Smyrna,2026-02-07,afternoon,take-out,29.0,14.5,4,2,0
6480,Smyrna,2026-02-07,evening,delivery,16.0,16.0,3,1,0
6481,Smyrna,2026-02-07,evening,dine-in,26.0,26.0,3,1,0
6482,Smyrna,2026-02-07,evening,take-out,23.0,23.0,3,1,0
6483,Smyrna,2026-02-07,morning,delivery,21.0,21.0,2,1,0
6484,Smyrna,2026-02-07,morning,dine-in,9.0,9.0,2,1,0
6485,Smyrna,2026-02-07,morning,take-out,21.0,21.0,2,1,0
6486,Smyrna,2026-02-08,afternoon,delivery,10.0,3.33,4,3,0
6487,Smyrna,2026-02-08,afternoon,dine-in,35.0,11.67,4,3,0
6488,Smyrna,2026-02-08,afternoon,take-out,40.0,13.33,4,3,0
6489,Smyrna,2026-02-08,evening,delivery,6.0,6.0,3,1,0
6490,Smyrna,2026-02-08,evening,dine-in,26.0,26.0,3,1,0
6491,Smyrna,2026-02-08,evening,take-out,22.0,22.0,3,1,0
6492,Smyrna,2026-02-08,morning,delivery,7.0,3.5,2,2,0
6493,Smyrna,2026-02-08,morning,dine-in,17.0,8.5,2,2,0
6494,Smyrna,2026-02-08,morning,take-out,32.0,16.0,2,2,0
6495,Smyrna,2026-02-09,afternoon,delivery,15.0,7.5,3,2,0
6496,Smyrna,2026-02-09,afternoon,dine-in,28.0,14.0,3,2,0
6497,Smyrna,2026-02-09,afternoon,take-out,18.0,9.0,3,2,0
6498,Smyrna,2026-02-09,evening,delivery,19.0,19.0,3,1,0
6499,Smyrna,2026-02-09,evening,dine-in,15.0,15.0,3,1,0
6500,Smyrna,2026-02-09,evening,take-out,17.0,17.0,3,1,0
6501,Smyrna,2026-02-09,morning,delivery,4.0,4.0,2,1,0
6502,Smyrna,2026-02-09,morning,dine-in,15.0,15.0,2,1,0
6503,Smyrna,2026-02-09,morning,take-out,13.0,13.0,2,1,0
6504,Smyrna,2026-02-10,afternoon,delivery,24.0,8.0,3,3,0
6505,Smyrna,2026-02-10,afternoon,dine-in,27.0,9.0,3,3,0
6506,Smyrna,2026-02-10,afternoon,take-out,23.0,7.67,3,3,0
6507,Smyrna,2026-02-10,evening,delivery,11.0,11.0,3,1,0
6508,Smyrna,2026-02-10,evening,dine-in,14.0,14.0,3,1,0
6509,Smyrna,2026-02-10,evening,take-out,19.0,19.0,3,1,0
6510,Smyrna,2026-02-10,morning,delivery,3.0,1.5,2,2,0
6511,Smyrna,2026-02-10,morning,dine-in,11.0,5.5,2,2,0
6512,Smyrna,2026-02-10,morning,take-out,17.0,8.5,2,2,0
6513,Smyrna,2026-02-11,afternoon,delivery,15.0,7.5,3,2,0
6514,Smyrna,2026-02-11,afternoon,dine-in,46.0,23.0,3,2,0
6515,Smyrna,2026-02-11,afternoon,take-out,39.0,19.5,3,2,0
6516,Smyrna,2026-02-11,evening,delivery,18.0,9.0,3,2,0
6517,Smyrna,2026-02-11,evening,dine-in,16.0,8.0,3,2,0
6518,Smyrna,2026-02-11,evening,take-out,19.0,9.5,3,2,0
6519,Smyrna,2026-02-11,morning,delivery,14.0,14.0,2,1,0
6520,Smyrna,2026-02-11,morning,dine-in,13.0,13.0,2,1,0
6521,Smyrna,2026-02-11,morning,take-out,14.0,14.0,2,1,0
6522,Smyrna,2026-02-12,afternoon,delivery,13.0,13.0,3,1,0
6523,Smyrna,2026-02-12,afternoon,dine-in,47.0,47.0,3,1,0
6524,Smyrna,2026-02-12,afternoon,take-out,29.0,29.0,3,1,0
6525,Smyrna,2026-02-12,evening,delivery,8.0,8.0,3,1,0
6526,Smyrna,2026-02-12,evening,dine-in,23.0,23.0,3,1,0
6527,Smyrna,2026-02-12,evening,take-out,12.0,12.0,3,1,0
6528,Smyrna,2026-02-12,morning,delivery,14.0,7.0,2,2,0
6529,Smyrna,2026-02-12,morning,dine-in,8.0,4.0,2,2,0
6530,Smyrna,2026-02-12,morning,take-out,13.0,6.5,2,2,0
6531,Smyrna,2026-02-13,afternoon,delivery,12.0,12.0,3,1,0
6532,Smyrna,2026-02-13,afternoon,dine-in,23.0,23.0,3,1,0
6533,Smyrna,2026-02-13,afternoon,take-out,34.0,34.0,3,1,0
6534,Smyrna,2026-02-13,evening,delivery,8.0,4.0,3,2,0
6535,Smyrna,2026-02-13,evening,dine-in,8.0,4.0,3,2,0
6536,Smyrna,2026-02-13,evening,take-out,23.0,11.5,3,2,0
6537,Smyrna,2026-02-13,morning,delivery,11.0,11.0,2,1,0
6538,Smyrna,2026-02-13,morning,dine-in,16.0,16.0,2,1,0
6539,Smyrna,2026-02-13,morning,take-out,18.0,18.0,2,1,0
6540,Smyrna,2026-02-14,evening,delivery,17.0,17.0,3,1,0
6541,Smyrna,2026-02-14,evening,dine-in,19.0,19.0,3,1,0
6542,Smyrna,2026-02-14,evening,take-out,22.0,22.0,3,1,0
6543,Smyrna,2026-02-15,afternoon,delivery,15.0,15.0,4,1,0
6544,Smyrna,2026-02-15,afternoon,dine-in,57.0,57.0,4,1,0
6545,Smyrna,2026-02-15,afternoon,take-out,31.0,31.0,4,1,0
6546,Smyrna,2026-02-15,evening,delivery,10.0,5.0,3,2,0
6547,Smyrna,2026-02-15,evening,dine-in,27.0,13.5,3,2,0
6548,Smyrna,2026-02-15,evening,take-out,25.0,12.5,3,2,0
6549,Smyrna,2026-02-15,morning,delivery,10.0,5.0,2,2,0
6550,Smyrna,2026-02-15,morning,dine-in,11.0,5.5,2,2,0
6551,Smyrna,2026-02-15,morning,take-out,19.0,9.5,2,2,0
6552,Smyrna,2026-02-16,afternoon,delivery,3.0,3.0,3,1,0
6553,Smyrna,2026-02-16,afternoon,dine-in,32.0,32.0,3,1,0
6554,Smyrna,2026-02-16,afternoon,take-out,42.0,42.0,3,1,0
6555,Smyrna,2026-02-16,evening,delivery,9.0,9.0,3,1,0
6556,Smyrna,2026-02-16,evening,dine-in,6.0,6.0,3,1,0
6557,Smyrna,2026-02-16,evening,take-out,28.0,28.0,3,1,0
6558,Smyrna,2026-02-16,morning,delivery,5.0,5.0,2,1,0
6559,Smyrna,2026-02-16,morning,dine-in,18.0,18.0,2,1,0
6560,Smyrna,2026-02-16,morning,take-out,14.0,14.0,2,1,0
6561,Smyrna,2026-02-17,afternoon,delivery,20.0,20.0,3,1,0
6562,Smyrna,2026-02-17,afternoon,dine-in,34.0,34.0,3,1,0
6563,Smyrna,2026-02-17,afternoon,take-out,17.0,17.0,3,1,0
6564,Smyrna,2026-02-17,evening,delivery,15.0,7.5,3,2,0
6565,Smyrna,2026-02-17,evening,dine-in,12.0,6.0,3,2,0
6566,Smyrna,2026-02-17,evening,take-out,29.0,14.5,3,2,0
6567,Smyrna,2026-02-18,evening,delivery,14.0,14.0,3,1,0
6568,Smyrna,2026-02-18,evening,dine-in,21.0,21.0,3,1,0
6569,Smyrna,2026-02-18,evening,take-out,11.0,11.0,3,1,0
6570,Smyrna,2026-02-18,morning,dine-in,18.0,9.0,2,2,0
6571,Smyrna,2026-02-18,morning,take-out,19.0,9.5,2,2,0
6572,Smyrna,2026-02-19,afternoon,delivery,5.0,2.5,3,2,0
6573,Smyrna,2026-02-19,afternoon,dine-in,28.0,14.0,3,2,0
6574,Smyrna,2026-02-19,afternoon,take-out,25.0,12.5,3,2,0
6575,Smyrna,2026-02-19,evening,delivery,9.0,4.5,3,2,0
6576,Smyrna,2026-02-19,evening,dine-in,15.0,7.5,3,2,0
6577,Smyrna,2026-02-19,evening,take-out,20.0,10.0,3,2,0
6578,Smyrna,2026-02-19,morning,delivery,5.0,2.5,2,2,0
6579,Smyrna,2026-02-19,morning,dine-in,16.0,8.0,2,2,0
6580,Smyrna,2026-02-19,morning,take-out,19.0,9.5,2,2,0
6581,Smyrna,2026-02-20,afternoon,delivery,15.0,15.0,3,1,0
6582,Smyrna,2026-02-20,afternoon,dine-in,28.0,28.0,3,1,0
6583,Smyrna,2026-02-20,afternoon,take-out,29.0,29.0,3,1,0
6584,Smyrna,2026-02-20,evening,delivery,9.0,4.5,3,2,0
6585,Smyrna,2026-02-20,evening,dine-in,27.0,13.5,3,2,0
6586,Smyrna,2026-02-20,evening,take-out,18.0,9.0,3,2,0
6587,Smyrna,2026-02-21,afternoon,delivery,13.0,13.0,4,1,0
6588,Smyrna,2026-02-21,afternoon,dine-in,33.0,33.0,4,1,0
6589,Smyrna,2026-02-21,afternoon,take-out,45.0,45.0,4,1,0
6590,Smyrna,2026-02-21,evening,delivery,11.0,11.0,3,1,0
6591,Smyrna,2026-02-21,evening,dine-in,19.0,19.0,3,1,0
6592,Smyrna,2026-02-21,evening,take-out,25.0,25.0,3,1,0
6593,Smyrna,2026-02-22,afternoon,delivery,25.0,12.5,4,2,0
6594,Smyrna,2026-02-22,afternoon,dine-in,44.0,22.0,4,2,0
6595,Smyrna,2026-02-22,afternoon,take-out,21.0,10.5,4,2,0
6596,Smyrna,2026-02-22,evening,delivery,10.0,5.0,3,2,0
6597,Smyrna,2026-02-22,evening,dine-in,20.0,10.0,3,2,0
6598,Smyrna,2026-02-22,evening,take-out,28.0,14.0,3,2,0
6599,Smyrna,2026-02-22,morning,delivery,6.0,3.0,2,2,0
6600,Smyrna,2026-02-22,morning,dine-in,25.0,12.5,2,2,0
6601,Smyrna,2026-02-22,morning,take-out,20.0,10.0,2,2,0
6602,Smyrna,2026-02-23,afternoon,delivery,16.0,16.0,3,1,0
6603,Smyrna,2026-02-23,afternoon,dine-in,40.0,40.0,3,1,0
6604,Smyrna,2026-02-23,afternoon,take-out,34.0,34.0,3,1,0
6605,Smyrna,2026-02-23,evening,delivery,5.0,2.5,3,2,0
6606,Smyrna,2026-02-23,evening,dine-in,20.0,10.0,3,2,0
6607,Smyrna,2026-02-23,evening,take-out,17.0,8.5,3,2,0
6608,Smyrna,2026-02-23,morning,delivery,8.0,8.0,2,1,0
6609,Smyrna,2026-02-23,morning,dine-in,15.0,15.0,2,1,0
6610,Smyrna,2026-02-23,morning,take-out,10.0,10.0,2,1,0
6611,Smyrna,2026-02-24,afternoon,delivery,20.0,20.0,3,1,0
6612,Smyrna,2026-02-24,afternoon,dine-in,37.0,37.0,3,1,0
6613,Smyrna,2026-02-24,afternoon,take-out,30.0,30.0,3,1,0
6614,Smyrna,2026-02-24,evening,delivery,6.0,3.0,3,2,0
6615,Smyrna,2026-02-24,evening,dine-in,27.0,13.5,3,2,0
6616,Smyrna,2026-02-24,evening,take-out,18.0,9.0,3,2,0
6617,Smyrna,2026-02-24,morning,delivery,6.0,6.0,2,1,0
6618,Smyrna,2026-02-24,morning,dine-in,23.0,23.0,2,1,0
6619,Smyrna,2026-02-24,morning,take-out,21.0,21.0,2,1,0
6620,Smyrna,2026-02-25,afternoon,delivery,6.0,3.0,3,2,0
6621,Smyrna,2026-02-25,afternoon,dine-in,28.0,14.0,3,2,0
6622,Smyrna,2026-02-25,afternoon,take-out,20.0,10.0,3,2,0
6623,Smyrna,2026-02-25,evening,delivery,8.0,4.0,3,2,0
6624,Smyrna,2026-02-25,evening,dine-in,15.0,7.5,3,2,0
6625,Smyrna,2026-02-25,evening,take-out,28.0,14.0,3,2,0
6626,Smyrna,2026-02-25,morning,delivery,17.0,17.0,2,1,0
6627,Smyrna,2026-02-25,morning,dine-in,6.0,6.0,2,1,0
6628,Smyrna,2026-02-25,morning,take-out,25.0,25.0,2,1,0
6629,Smyrna,2026-02-26,afternoon,delivery,9.0,9.0,3,1,0
6630,Smyrna,2026-02-26,afternoon,dine-in,22.0,22.0,3,1,0
6631,Smyrna,2026-02-26,afternoon,take-out,26.0,26.0,3,1,0
6632,Smyrna,2026-02-26,evening,delivery,5.0,1.67,3,3,0
6633,Smyrna,2026-02-26,evening,dine-in,13.0,4.33,3,3,0
6634,Smyrna,2026-02-26,evening,take-out,22.0,7.33,3,3,0
6635,Smyrna,2026-02-26,morning,delivery,5.0,2.5,2,2,0
6636,Smyrna,2026-02-26,morning,dine-in,22.0,11.0,2,2,0
6637,Smyrna,2026-02-26,morning,take-out,21.0,10.5,2,2,0
6638,Smyrna,2026-02-27,afternoon,delivery,20.0,10.0,3,2,0
6639,Smyrna,2026-02-27,afternoon,dine-in,34.0,17.0,3,2,0
6640,Smyrna,2026-02-27,afternoon,take-out,31.0,15.5,3,2,0
6641,Smyrna,2026-02-27,evening,delivery,9.0,9.0,3,1,0
6642,Smyrna,2026-02-27,evening,dine-in,20.0,20.0,3,1,0
6643,Smyrna,2026-02-27,evening,take-out,15.0,15.0,3,1,0
6644,Smyrna,2026-02-28,evening,delivery,8.0,4.0,3,2,0
6645,Smyrna,2026-02-28,evening,dine-in,28.0,14.0,3,2,0
6646,Smyrna,2026-02-28,evening,take-out,26.0,13.0,3,2,0
6647,Smyrna,2026-02-28,morning,delivery,4.0,4.0,2,1,0
6648,Smyrna,2026-02-28,morning,dine-in,17.0,17.0,2,1,0
6649,Smyrna,2026-02-28,morning,take-out,28.0,28.0,2,1,0
6650,Smyrna,2026-03-01,afternoon,delivery,6.0,2.0,4,3,0
6651,Smyrna,2026-03-01,afternoon,dine-in,35.0,11.67,4,3,0
6652,Smyrna,2026-03-01,afternoon,take-out,48.0,16.0,4,3,0
6653,Smyrna,2026-03-01,evening,delivery,4.0,2.0,3,2,0
6654,Smyrna,2026-03-01,evening,dine-in,22.0,11.0,3,2,0
6655,Smyrna,2026-03-01,evening,take-out,23.0,11.5,3,2,0
6656,Smyrna,2026-03-02,afternoon,delivery,20.0,10.0,3,2,0
6657,Smyrna,2026-03-02,afternoon,dine-in,34.0,17.0,3,2,0
6658,Smyrna,2026-03-02,afternoon,take-out,17.0,8.5,3,2,0
6659,Smyrna,2026-03-02,evening,delivery,11.0,5.5,3,2,0
6660,Smyrna,2026-03-02,evening,dine-in,20.0,10.0,3,2,0
6661,Smyrna,2026-03-02,evening,take-out,11.0,5.5,3,2,0
6662,Smyrna,2026-03-02,morning,delivery,10.0,10.0,2,1,0
6663,Smyrna,2026-03-02,morning,dine-in,13.0,13.0,2,1,0
6664,Smyrna,2026-03-02,morning,take-out,15.0,15.0,2,1,0
6665,Smyrna,2026-03-03,afternoon,delivery,21.0,21.0,3,1,0
6666,Smyrna,2026-03-03,afternoon,dine-in,27.0,27.0,3,1,0
6667,Smyrna,2026-03-03,afternoon,take-out,23.0,23.0,3,1,0
6668,Smyrna,2026-03-03,evening,delivery,1.0,0.5,3,2,0
6669,Smyrna,2026-03-03,evening,dine-in,12.0,6.0,3,2,0
6670,Smyrna,2026-03-03,evening,take-out,34.0,17.0,3,2,0
6671,Smyrna,2026-03-03,morning,delivery,10.0,5.0,2,2,0
6672,Smyrna,2026-03-03,morning,dine-in,18.0,9.0,2,2,0
6673,Smyrna,2026-03-03,morning,take-out,13.0,6.5,2,2,0
6674,Smyrna,2026-03-04,afternoon,delivery,15.0,15.0,3,1,0
6675,Smyrna,2026-03-04,afternoon,dine-in,23.0,23.0,3,1,0
6676,Smyrna,2026-03-04,afternoon,take-out,25.0,25.0,3,1,0
6677,Smyrna,2026-03-04,evening,delivery,6.0,6.0,3,1,0
6678,Smyrna,2026-03-04,evening,dine-in,13.0,13.0,3,1,0
6679,Smyrna,2026-03-04,evening,take-out,24.0,24.0,3,1,0
6680,Smyrna,2026-03-04,morning,delivery,10.0,5.0,2,2,0
6681,Smyrna,2026-03-04,morning,dine-in,16.0,8.0,2,2,0
6682,Smyrna,2026-03-04,morning,take-out,20.0,10.0,2,2,0
6683,Smyrna,2026-03-05,afternoon,delivery,7.0,2.33,3,3,0
6684,Smyrna,2026-03-05,afternoon,dine-in,24.0,8.0,3,3,0
6685,Smyrna,2026-03-05,afternoon,take-out,33.0,11.0,3,3,0
6686,Smyrna,2026-03-05,evening,delivery,9.0,4.5,3,2,0
6687,Smyrna,2026-03-05,evening,dine-in,24.0,12.0,3,2,0
6688,Smyrna,2026-03-05,evening,take-out,20.0,10.0,3,2,0
6689,Smyrna,2026-03-06,afternoon,delivery,13.0,6.5,3,2,0
6690,Smyrna,2026-03-06,afternoon,dine-in,24.0,12.0,3,2,0
6691,Smyrna,2026-03-06,afternoon,take-out,25.0,12.5,3,2,0
6692,Smyrna,2026-03-06,evening,delivery,3.0,1.5,3,2,0
6693,Smyrna,2026-03-06,evening,dine-in,20.0,10.0,3,2,0
6694,Smyrna,2026-03-06,evening,take-out,30.0,15.0,3,2,0
6695,Smyrna,2026-03-06,morning,delivery,6.0,6.0,2,1,0
6696,Smyrna,2026-03-06,morning,dine-in,16.0,16.0,2,1,0
6697,Smyrna,2026-03-06,morning,take-out,23.0,23.0,2,1,0
6698,Smyrna,2026-03-07,afternoon,delivery,22.0,22.0,4,1,0
6699,Smyrna,2026-03-07,afternoon,dine-in,50.0,50.0,4,1,0
6700,Smyrna,2026-03-07,afternoon,take-out,22.0,22.0,4,1,0
6701,Smyrna,2026-03-07,evening,delivery,3.0,1.0,3,3,0
6702,Smyrna,2026-03-07,evening,dine-in,21.0,7.0,3,3,0
6703,Smyrna,2026-03-07,evening,take-out,23.0,7.67,3,3,0
6704,Smyrna,2026-03-07,morning,delivery,3.0,1.5,2,2,0
6705,Smyrna,2026-03-07,morning,dine-in,19.0,9.5,2,2,0
6706,Smyrna,2026-03-07,morning,take-out,33.0,16.5,2,2,0
6707,Smyrna,2026-03-08,afternoon,delivery,24.0,12.0,4,2,0
6708,Smyrna,2026-03-08,afternoon,dine-in,29.0,14.5,4,2,0
6709,Smyrna,2026-03-08,afternoon,take-out,19.0,9.5,4,2,0
6710,Smyrna,2026-03-08,evening,delivery,3.0,1.5,3,2,0
6711,Smyrna,2026-03-08,evening,dine-in,25.0,12.5,3,2,0
6712,Smyrna,2026-03-08,evening,take-out,25.0,12.5,3,2,0
6713,Smyrna,2026-03-08,morning,delivery,7.0,7.0,2,1,0
6714,Smyrna,2026-03-08,morning,dine-in,24.0,24.0,2,1,0
6715,Smyrna,2026-03-08,morning,take-out,20.0,20.0,2,1,0
6716,Smyrna,2026-03-09,afternoon,delivery,7.0,7.0,3,1,0
6717,Smyrna,2026-03-09,afternoon,dine-in,37.0,37.0,3,1,0
6718,Smyrna,2026-03-09,afternoon,take-out,20.0,20.0,3,1,0
6719,Smyrna,2026-03-09,evening,dine-in,28.0,28.0,3,1,0
6720,Smyrna,2026-03-09,evening,take-out,15.0,15.0,3,1,0
6721,Smyrna,2026-03-09,morning,delivery,7.0,7.0,2,1,0
6722,Smyrna,2026-03-09,morning,dine-in,19.0,19.0,2,1,0
6723,Smyrna,2026-03-09,morning,take-out,19.0,19.0,2,1,0
6724,Smyrna,2026-03-10,afternoon,delivery,13.0,13.0,3,1,0
6725,Smyrna,2026-03-10,afternoon,dine-in,25.0,25.0,3,1,0
6726,Smyrna,2026-03-10,afternoon,take-out,25.0,25.0,3,1,0
6727,Smyrna,2026-03-10,evening,delivery,8.0,8.0,3,1,0
6728,Smyrna,2026-03-10,evening,dine-in,11.0,11.0,3,1,0
6729,Smyrna,2026-03-10,evening,take-out,21.0,21.0,3,1,0
6730,Smyrna,2026-03-10,morning,delivery,4.0,4.0,2,1,0
6731,Smyrna,2026-03-10,morning,dine-in,11.0,11.0,2,1,0
6732,Smyrna,2026-03-10,morning,take-out,26.0,26.0,2,1,0
6733,Smyrna,2026-03-11,afternoon,delivery,12.0,6.0,3,2,0
6734,Smyrna,2026-03-11,afternoon,dine-in,39.0,19.5,3,2,0
6735,Smyrna,2026-03-11,afternoon,take-out,26.0,13.0,3,2,0
6736,Smyrna,2026-03-11,evening,delivery,4.0,2.0,3,2,0
6737,Smyrna,2026-03-11,evening,dine-in,27.0,13.5,3,2,0
6738,Smyrna,2026-03-11,evening,take-out,27.0,13.5,3,2,0
6739,Smyrna,2026-03-12,afternoon,delivery,8.0,4.0,3,2,0
6740,Smyrna,2026-03-12,afternoon,dine-in,10.0,5.0,3,2,0
6741,Smyrna,2026-03-12,afternoon,take-out,39.0,19.5,3,2,0
6742,Smyrna,2026-03-12,evening,delivery,12.0,6.0,3,2,0
6743,Smyrna,2026-03-12,evening,dine-in,14.0,7.0,3,2,0
6744,Smyrna,2026-03-12,evening,take-out,11.0,5.5,3,2,0
6745,Smyrna,2026-03-13,afternoon,delivery,21.0,21.0,3,1,0
6746,Smyrna,2026-03-13,afternoon,dine-in,41.0,41.0,3,1,0
6747,Smyrna,2026-03-13,afternoon,take-out,24.0,24.0,3,1,0
6748,Smyrna,2026-03-13,evening,delivery,15.0,5.0,3,3,0
6749,Smyrna,2026-03-13,evening,dine-in,28.0,9.33,3,3,0
6750,Smyrna,2026-03-13,evening,take-out,6.0,2.0,3,3,0
6751,Smyrna,2026-03-13,morning,delivery,5.0,5.0,2,1,0
6752,Smyrna,2026-03-13,morning,dine-in,24.0,24.0,2,1,0
6753,Smyrna,2026-03-13,morning,take-out,13.0,13.0,2,1,0
6754,Smyrna,2026-03-14,afternoon,delivery,11.0,11.0,4,1,0
6755,Smyrna,2026-03-14,afternoon,dine-in,43.0,43.0,4,1,0
6756,Smyrna,2026-03-14,afternoon,take-out,37.0,37.0,4,1,0
6757,Smyrna,2026-03-14,evening,delivery,9.0,4.5,3,2,0
6758,Smyrna,2026-03-14,evening,dine-in,23.0,11.5,3,2,0
6759,Smyrna,2026-03-14,evening,take-out,12.0,6.0,3,2,0
6760,Smyrna,2026-03-14,morning,delivery,6.0,3.0,2,2,0
6761,Smyrna,2026-03-14,morning,dine-in,35.0,17.5,2,2,0
6762,Smyrna,2026-03-14,morning,take-out,13.0,6.5,2,2,0
6763,Smyrna,2026-03-15,evening,delivery,11.0,5.5,3,2,0
6764,Smyrna,2026-03-15,evening,dine-in,31.0,15.5,3,2,0
6765,Smyrna,2026-03-15,evening,take-out,15.0,7.5,3,2,0
6766,Smyrna,2026-03-15,morning,delivery,10.0,5.0,2,2,0
6767,Smyrna,2026-03-15,morning,dine-in,17.0,8.5,2,2,0
6768,Smyrna,2026-03-15,morning,take-out,29.0,14.5,2,2,0
6769,Smyrna,2026-03-16,afternoon,delivery,13.0,13.0,3,1,0
6770,Smyrna,2026-03-16,afternoon,dine-in,39.0,39.0,3,1,0
6771,Smyrna,2026-03-16,afternoon,take-out,21.0,21.0,3,1,0
6772,Smyrna,2026-03-16,evening,delivery,11.0,3.67,3,3,0
6773,Smyrna,2026-03-16,evening,dine-in,15.0,5.0,3,3,0
6774,Smyrna,2026-03-16,evening,take-out,17.0,5.67,3,3,0
6775,Smyrna,2026-03-16,morning,delivery,9.0,9.0,2,1,0
6776,Smyrna,2026-03-16,morning,dine-in,30.0,30.0,2,1,0
6777,Smyrna,2026-03-16,morning,take-out,12.0,12.0,2,1,0
6778,Smyrna,2026-03-17,afternoon,delivery,30.0,15.0,3,2,0
6779,Smyrna,2026-03-17,afternoon,dine-in,23.0,11.5,3,2,0
6780,Smyrna,2026-03-17,afternoon,take-out,22.0,11.0,3,2,0
6781,Smyrna,2026-03-17,evening,delivery,12.0,4.0,3,3,0
6782,Smyrna,2026-03-17,evening,dine-in,25.0,8.33,3,3,0
6783,Smyrna,2026-03-17,evening,take-out,7.0,2.33,3,3,0
6784,Smyrna,2026-03-18,afternoon,delivery,15.0,7.5,3,2,0
6785,Smyrna,2026-03-18,afternoon,dine-in,20.0,10.0,3,2,0
6786,Smyrna,2026-03-18,afternoon,take-out,31.0,15.5,3,2,0
6787,Smyrna,2026-03-18,evening,delivery,8.0,4.0,3,2,0
6788,Smyrna,2026-03-18,evening,dine-in,17.0,8.5,3,2,0
6789,Smyrna,2026-03-18,evening,take-out,17.0,8.5,3,2,0
6790,Smyrna,2026-03-18,morning,delivery,11.0,11.0,2,1,0
6791,Smyrna,2026-03-18,morning,dine-in,15.0,15.0,2,1,0
6792,Smyrna,2026-03-18,morning,take-out,10.0,10.0,2,1,0
6793,Smyrna,2026-03-19,afternoon,delivery,19.0,19.0,3,1,0
6794,Smyrna,2026-03-19,afternoon,dine-in,27.0,27.0,3,1,0
6795,Smyrna,2026-03-19,afternoon,take-out,20.0,20.0,3,1,0
6796,Smyrna,2026-03-19,evening,delivery,2.0,2.0,3,1,0
6797,Smyrna,2026-03-19,evening,dine-in,30.0,30.0,3,1,0
6798,Smyrna,2026-03-19,evening,take-out,21.0,21.0,3,1,0
6799,Smyrna,2026-03-20,afternoon,delivery,11.0,5.5,3,2,0
6800,Smyrna,2026-03-20,afternoon,dine-in,16.0,8.0,3,2,0
6801,Smyrna,2026-03-20,afternoon,take-out,26.0,13.0,3,2,0
6802,Smyrna,2026-03-20,evening,delivery,5.0,2.5,3,2,0
6803,Smyrna,2026-03-20,evening,dine-in,19.0,9.5,3,2,0
6804,Smyrna,2026-03-20,evening,take-out,23.0,11.5,3,2,0
6805,Smyrna,2026-03-20,morning,delivery,3.0,3.0,2,1,0
6806,Smyrna,2026-03-20,morning,dine-in,14.0,14.0,2,1,0
6807,Smyrna,2026-03-20,morning,take-out,23.0,23.0,2,1,0
6808,Smyrna,2026-03-21,afternoon,delivery,19.0,6.33,4,3,0
6809,Smyrna,2026-03-21,afternoon,dine-in,22.0,7.33,4,3,0
6810,Smyrna,2026-03-21,afternoon,take-out,44.0,14.67,4,3,0
6811,Smyrna,2026-03-21,evening,delivery,12.0,6.0,3,2,0
6812,Smyrna,2026-03-21,evening,dine-in,18.0,9.0,3,2,0
6813,Smyrna,2026-03-21,evening,take-out,12.0,6.0,3,2,0
6814,Smyrna,2026-03-21,morning,delivery,21.0,21.0,2,1,0
6815,Smyrna,2026-03-21,morning,dine-in,26.0,26.0,2,1,0
6816,Smyrna,2026-03-21,morning,take-out,9.0,9.0,2,1,0
6817,Smyrna,2026-03-22,afternoon,delivery,12.0,6.0,4,2,0
6818,Smyrna,2026-03-22,afternoon,dine-in,18.0,9.0,4,2,0
6819,Smyrna,2026-03-22,afternoon,take-out,40.0,20.0,4,2,0
6820,Smyrna,2026-03-22,evening,delivery,3.0,3.0,3,1,0
6821,Smyrna,2026-03-22,evening,dine-in,31.0,31.0,3,1,0
6822,Smyrna,2026-03-22,evening,take-out,28.0,28.0,3,1,0
6823,Smyrna,2026-03-22,morning,delivery,11.0,11.0,2,1,0
6824,Smyrna,2026-03-22,morning,dine-in,38.0,38.0,2,1,0
6825,Smyrna,2026-03-22,morning,take-out,24.0,24.0,2,1,0
6826,Smyrna,2026-03-23,afternoon,delivery,27.0,9.0,3,3,0
6827,Smyrna,2026-03-23,afternoon,dine-in,23.0,7.67,3,3,0
6828,Smyrna,2026-03-23,afternoon,take-out,20.0,6.67,3,3,0
6829,Smyrna,2026-03-23,morning,delivery,5.0,5.0,2,1,0
6830,Smyrna,2026-03-23,morning,dine-in,19.0,19.0,2,1,0
6831,Smyrna,2026-03-23,morning,take-out,24.0,24.0,2,1,0
6832,Smyrna,2026-03-24,afternoon,delivery,9.0,3.0,3,3,0
6833,Smyrna,2026-03-24,afternoon,dine-in,38.0,12.67,3,3,0
6834,Smyrna,2026-03-24,afternoon,take-out,14.0,4.67,3,3,0
6835,Smyrna,2026-03-24,evening,delivery,5.0,5.0,3,1,0
6836,Smyrna,2026-03-24,evening,dine-in,22.0,22.0,3,1,0
6837,Smyrna,2026-03-24,evening,take-out,12.0,12.0,3,1,0
6838,Smyrna,2026-03-24,morning,delivery,15.0,15.0,2,1,0
6839,Smyrna,2026-03-24,morning,dine-in,10.0,10.0,2,1,0
6840,Smyrna,2026-03-24,morning,take-out,11.0,11.0,2,1,0
6841,Smyrna,2026-03-25,afternoon,delivery,12.0,4.0,3,3,0
6842,Smyrna,2026-03-25,afternoon,dine-in,36.0,12.0,3,3,0
6843,Smyrna,2026-03-25,afternoon,take-out,35.0,11.67,3,3,0
6844,Smyrna,2026-03-25,evening,delivery,15.0,15.0,3,1,0
6845,Smyrna,2026-03-25,evening,dine-in,23.0,23.0,3,1,0
6846,Smyrna,2026-03-25,evening,take-out,8.0,8.0,3,1,0
6847,Smyrna,2026-03-25,morning,delivery,3.0,3.0,2,1,0
6848,Smyrna,2026-03-25,morning,dine-in,24.0,24.0,2,1,0
6849,Smyrna,2026-03-25,morning,take-out,14.0,14.0,2,1,0
6850,Smyrna,2026-03-26,afternoon,delivery,29.0,29.0,3,1,0
6851,Smyrna,2026-03-26,afternoon,dine-in,35.0,35.0,3,1,0
6852,Smyrna,2026-03-26,afternoon,take-out,30.0,30.0,3,1,0
6853,Smyrna,2026-03-26,evening,delivery,8.0,8.0,3,1,0
6854,Smyrna,2026-03-26,evening,dine-in,21.0,21.0,3,1,0
6855,Smyrna,2026-03-26,evening,take-out,23.0,23.0,3,1,0
6856,Smyrna,2026-03-26,morning,delivery,5.0,5.0,2,1,0
6857,Smyrna,2026-03-26,morning,dine-in,22.0,22.0,2,1,0
6858,Smyrna,2026-03-26,morning,take-out,19.0,19.0,2,1,0
6859,Smyrna,2026-03-27,evening,delivery,11.0,11.0,3,1,0
6860,Smyrna,2026-03-27,evening,dine-in,14.0,14.0,3,1,0
6861,Smyrna,2026-03-27,evening,take-out,31.0,31.0,3,1,0
6862,Smyrna,2026-03-27,morning,delivery,6.0,6.0,2,1,0
6863,Smyrna,2026-03-27,morning,dine-in,18.0,18.0,2,1,0
6864,Smyrna,2026-03-27,morning,take-out,16.0,16.0,2,1,0
6865,Smyrna,2026-03-28,afternoon,delivery,17.0,17.0,4,1,0
6866,Smyrna,2026-03-28,afternoon,dine-in,28.0,28.0,4,1,0
6867,Smyrna,2026-03-28,afternoon,take-out,37.0,37.0,4,1,0
6868,Smyrna,2026-03-28,evening,delivery,3.0,1.5,3,2,0
6869,Smyrna,2026-03-28,evening,dine-in,15.0,7.5,3,2,0
6870,Smyrna,2026-03-28,evening,take-out,46.0,23.0,3,2,0
6871,Smyrna,2026-03-28,morning,delivery,9.0,9.0,2,1,0
6872,Smyrna,2026-03-28,morning,dine-in,20.0,20.0,2,1,0
6873,Smyrna,2026-03-28,morning,take-out,17.0,17.0,2,1,0
6874,Smyrna,2026-03-29,afternoon,delivery,20.0,6.67,4,3,0
6875,Smyrna,2026-03-29,afternoon,dine-in,27.0,9.0,4,3,0
6876,Smyrna,2026-03-29,afternoon,take-out,25.0,8.33,4,3,0
6877,Smyrna,2026-03-29,evening,delivery,22.0,11.0,3,2,0
6878,Smyrna,2026-03-29,evening,dine-in,9.0,4.5,3,2,0
6879,Smyrna,2026-03-29,evening,take-out,22.0,11.0,3,2,0
6880,Smyrna,2026-03-30,afternoon,delivery,12.0,4.0,3,3,0
6881,Smyrna,2026-03-30,afternoon,dine-in,31.0,10.33,3,3,0
6882,Smyrna,2026-03-30,afternoon,take-out,45.0,15.0,3,3,0
6883,Smyrna,2026-03-30,evening,delivery,3.0,3.0,3,1,0
6884,Smyrna,2026-03-30,evening,dine-in,22.0,22.0,3,1,0
6885,Smyrna,2026-03-30,evening,take-out,29.0,29.0,3,1,0
6886,Smyrna,2026-03-30,morning,delivery,13.0,13.0,2,1,0
6887,Smyrna,2026-03-30,morning,dine-in,17.0,17.0,2,1,0
6888,Smyrna,2026-03-30,morning,take-out,12.0,12.0,2,1,0
6889,Smyrna,2026-03-31,afternoon,delivery,6.0,2.0,3,3,0
6890,Smyrna,2026-03-31,afternoon,dine-in,41.0,13.67,3,3,0
6891,Smyrna,2026-03-31,afternoon,take-out,28.0,9.33,3,3,0
6892,Smyrna,2026-03-31,evening,delivery,10.0,5.0,3,2,0
6893,Smyrna,2026-03-31,evening,dine-in,27.0,13.5,3,2,0
6894,Smyrna,2026-03-31,evening,take-out,12.0,6.0,3,2,0
6895,Smyrna,2026-03-31,morning,delivery,6.0,6.0,2,1,0
6896,Smyrna,2026-03-31,morning,dine-in,13.0,13.0,2,1,0
6897,Smyrna,2026-03-31,morning,take-out,20.0,20.0,2,1,0
6898,Smyrna,2026-04-01,afternoon,delivery,20.0,20.0,3,1,0
6899,Smyrna,2026-04-01,afternoon,dine-in,17.0,17.0,3,1,0
6900,Smyrna,2026-04-01,afternoon,take-out,24.0,24.0,3,1,0
6901,Smyrna,2026-04-01,evening,delivery,17.0,17.0,3,1,0
6902,Smyrna,2026-04-01,evening,dine-in,14.0,14.0,3,1,0
6903,Smyrna,2026-04-01,evening,take-out,19.0,19.0,3,1,0
6904,Smyrna,2026-04-01,morning,delivery,8.0,8.0,2,1,0
6905,Smyrna,2026-04-01,morning,dine-in,5.0,5.0,2,1,0
6906,Smyrna,2026-04-01,morning,take-out,23.0,23.0,2,1,0
6907,Smyrna,2026-04-02,afternoon,delivery,8.0,8.0,3,1,0
6908,Smyrna,2026-04-02,afternoon,dine-in,22.0,22.0,3,1,0
6909,Smyrna,2026-04-02,afternoon,take-out,32.0,32.0,3,1,0
6910,Smyrna,2026-04-02,evening,delivery,7.0,2.33,3,3,0
6911,Smyrna,2026-04-02,evening,dine-in,23.0,7.67,3,3,0
6912,Smyrna,2026-04-02,evening,take-out,13.0,4.33,3,3,0
6913,Smyrna,2026-04-02,morning,delivery,15.0,15.0,2,1,0
6914,Smyrna,2026-04-02,morning,dine-in,8.0,8.0,2,1,0
6915,Smyrna,2026-04-02,morning,take-out,10.0,10.0,2,1,0
6916,Smyrna,2026-04-03,afternoon,delivery,6.0,6.0,3,1,0
6917,Smyrna,2026-04-03,afternoon,dine-in,34.0,34.0,3,1,0
6918,Smyrna,2026-04-03,afternoon,take-out,24.0,24.0,3,1,0
6919,Smyrna,2026-04-03,evening,delivery,4.0,2.0,3,2,0
6920,Smyrna,2026-04-03,evening,dine-in,20.0,10.0,3,2,0
6921,Smyrna,2026-04-03,evening,take-out,20.0,10.0,3,2,0
6922,Smyrna,2026-04-03,morning,delivery,6.0,3.0,2,2,0
6923,Smyrna,2026-04-03,morning,dine-in,22.0,11.0,2,2,0
6924,Smyrna,2026-04-03,morning,take-out,8.0,4.0,2,2,0
6925,Smyrna,2026-04-04,afternoon,delivery,24.0,8.0,4,3,0
6926,Smyrna,2026-04-04,afternoon,dine-in,41.0,13.67,4,3,0
6927,Smyrna,2026-04-04,afternoon,take-out,21.0,7.0,4,3,0
6928,Smyrna,2026-04-04,evening,delivery,12.0,4.0,3,3,0
6929,Smyrna,2026-04-04,evening,dine-in,23.0,7.67,3,3,0
6930,Smyrna,2026-04-04,evening,take-out,35.0,11.67,3,3,0
6931,Smyrna,2026-04-04,morning,delivery,3.0,1.5,2,2,0
6932,Smyrna,2026-04-04,morning,dine-in,25.0,12.5,2,2,0
6933,Smyrna,2026-04-04,morning,take-out,26.0,13.0,2,2,0
6934,Smyrna,2026-04-05,afternoon,delivery,31.0,10.33,4,3,0
6935,Smyrna,2026-04-05,afternoon,dine-in,34.0,11.33,4,3,0
6936,Smyrna,2026-04-05,afternoon,take-out,28.0,9.33,4,3,0
6937,Smyrna,2026-04-05,morning,delivery,17.0,8.5,2,2,0
6938,Smyrna,2026-04-05,morning,dine-in,11.0,5.5,2,2,0
6939,Smyrna,2026-04-05,morning,take-out,21.0,10.5,2,2,0
6940,Smyrna,2026-04-06,afternoon,delivery,8.0,4.0,3,2,0
6941,Smyrna,2026-04-06,afternoon,dine-in,40.0,20.0,3,2,0
6942,Smyrna,2026-04-06,afternoon,take-out,25.0,12.5,3,2,0
6943,Smyrna,2026-04-06,evening,delivery,8.0,4.0,3,2,0
6944,Smyrna,2026-04-06,evening,dine-in,19.0,9.5,3,2,0
6945,Smyrna,2026-04-06,evening,take-out,16.0,8.0,3,2,0
6946,Smyrna,2026-04-07,afternoon,delivery,22.0,11.0,3,2,0
6947,Smyrna,2026-04-07,afternoon,dine-in,32.0,16.0,3,2,0
6948,Smyrna,2026-04-07,afternoon,take-out,28.0,14.0,3,2,0
6949,Smyrna,2026-04-07,morning,delivery,6.0,6.0,2,1,0
6950,Smyrna,2026-04-07,morning,dine-in,18.0,18.0,2,1,0
6951,Smyrna,2026-04-07,morning,take-out,18.0,18.0,2,1,0
6952,Smyrna,2026-04-08,afternoon,delivery,20.0,20.0,3,1,0
6953,Smyrna,2026-04-08,afternoon,dine-in,14.0,14.0,3,1,0
6954,Smyrna,2026-04-08,afternoon,take-out,18.0,18.0,3,1,0
6955,Smyrna,2026-04-08,evening,delivery,7.0,7.0,3,1,0
6956,Smyrna,2026-04-08,evening,dine-in,8.0,8.0,3,1,0
6957,Smyrna,2026-04-08,evening,take-out,32.0,32.0,3,1,0
6958,Smyrna,2026-04-08,morning,delivery,7.0,7.0,2,1,0
6959,Smyrna,2026-04-08,morning,dine-in,7.0,7.0,2,1,0
6960,Smyrna,2026-04-08,morning,take-out,29.0,29.0,2,1,0
6961,Smyrna,2026-04-09,afternoon,delivery,13.0,13.0,3,1,0
6962,Smyrna,2026-04-09,afternoon,dine-in,29.0,29.0,3,1,0
6963,Smyrna,2026-04-09,afternoon,take-out,14.0,14.0,3,1,0
6964,Smyrna,2026-04-09,evening,delivery,5.0,5.0,3,1,0
6965,Smyrna,2026-04-09,evening,dine-in,14.0,14.0,3,1,0
6966,Smyrna,2026-04-09,evening,take-out,16.0,16.0,3,1,0
6967,Smyrna,2026-04-10,afternoon,delivery,19.0,9.5,3,2,0
6968,Smyrna,2026-04-10,afternoon,dine-in,22.0,11.0,3,2,0
6969,Smyrna,2026-04-10,afternoon,take-out,29.0,14.5,3,2,0
6970,Smyrna,2026-04-10,evening,delivery,8.0,4.0,3,2,0
6971,Smyrna,2026-04-10,evening,dine-in,10.0,5.0,3,2,0
6972,Smyrna,2026-04-10,evening,take-out,20.0,10.0,3,2,0
6973,Smyrna,2026-04-10,morning,dine-in,20.0,20.0,2,1,0
6974,Smyrna,2026-04-10,morning,take-out,12.0,12.0,2,1,0
6975,Smyrna,2026-04-11,afternoon,delivery,9.0,4.5,4,2,0
6976,Smyrna,2026-04-11,afternoon,dine-in,36.0,18.0,4,2,0
6977,Smyrna,2026-04-11,afternoon,take-out,37.0,18.5,4,2,0
6978,Smyrna,2026-04-11,evening,delivery,11.0,5.5,3,2,0
6979,Smyrna,2026-04-11,evening,dine-in,25.0,12.5,3,2,0
6980,Smyrna,2026-04-11,evening,take-out,25.0,12.5,3,2,0
6981,Smyrna,2026-04-11,morning,delivery,5.0,5.0,2,1,0
6982,Smyrna,2026-04-11,morning,dine-in,19.0,19.0,2,1,0
6983,Smyrna,2026-04-11,morning,take-out,30.0,30.0,2,1,0
6984,Smyrna,2026-04-12,afternoon,delivery,22.0,11.0,4,2,0
6985,Smyrna,2026-04-12,afternoon,dine-in,30.0,15.0,4,2,0
6986,Smyrna,2026-04-12,afternoon,take-out,32.0,16.0,4,2,0
6987,Smyrna,2026-04-12,evening,delivery,3.0,3.0,3,1,0
6988,Smyrna,2026-04-12,evening,dine-in,34.0,34.0,3,1,0
6989,Smyrna,2026-04-12,evening,take-out,28.0,28.0,3,1,0
6990,Smyrna,2026-04-12,morning,delivery,7.0,7.0,2,1,0
6991,Smyrna,2026-04-12,morning,dine-in,20.0,20.0,2,1,0
6992,Smyrna,2026-04-12,morning,take-out,24.0,24.0,2,1,0
6993,Smyrna,2026-04-13,afternoon,delivery,26.0,13.0,3,2,0
6994,Smyrna,2026-04-13,afternoon,dine-in,16.0,8.0,3,2,0
6995,Smyrna,2026-04-13,afternoon,take-out,24.0,12.0,3,2,0
6996,Smyrna,2026-04-13,evening,delivery,5.0,5.0,3,1,0
6997,Smyrna,2026-04-13,evening,dine-in,17.0,17.0,3,1,0
6998,Smyrna,2026-04-13,evening,take-out,12.0,12.0,3,1,0
6999,Smyrna,2026-04-13,morning,delivery,7.0,3.5,2,2,0
7000,Smyrna,2026-04-13,morning,dine-in,6.0,3.0,2,2,0
7001,Smyrna,2026-04-13,morning,take-out,22.0,11.0,2,2,0
7002,Smyrna,2026-04-14,afternoon,delivery,19.0,6.33,3,3,0
7003,Smyrna,2026-04-14,afternoon,dine-in,29.0,9.67,3,3,0
7004,Smyrna,2026-04-14,afternoon,take-out,25.0,8.33,3,3,0
7005,Smyrna,2026-04-14,evening,delivery,9.0,4.5,3,2,0
7006,Smyrna,2026-04-14,evening,dine-in,19.0,9.5,3,2,0
7007,Smyrna,2026-04-14,evening,take-out,22.0,11.0,3,2,0
7008,Smyrna,2026-04-14,morning,delivery,6.0,6.0,2,1,0
7009,Smyrna,2026-04-14,morning,dine-in,20.0,20.0,2,1,0
7010,Smyrna,2026-04-14,morning,take-out,23.0,23.0,2,1,0
7011,Smyrna,2026-04-15,afternoon,delivery,7.0,7.0,3,1,0
7012,Smyrna,2026-04-15,afternoon,dine-in,32.0,32.0,3,1,0
7013,Smyrna,2026-04-15,afternoon,take-out,28.0,28.0,3,1,0
7014,Smyrna,2026-04-15,evening,delivery,6.0,6.0,3,1,0
7015,Smyrna,2026-04-15,evening,dine-in,18.0,18.0,3,1,0
7016,Smyrna,2026-04-15,evening,take-out,20.0,20.0,3,1,0
7017,Smyrna,2026-04-15,morning,delivery,2.0,2.0,2,1,0
7018,Smyrna,2026-04-15,morning,dine-in,14.0,14.0,2,1,0
7019,Smyrna,2026-04-15,morning,take-out,23.0,23.0,2,1,0
7020,Smyrna,2026-04-16,afternoon,delivery,16.0,8.0,3,2,0
7021,Smyrna,2026-04-16,afternoon,dine-in,15.0,7.5,3,2,0
7022,Smyrna,2026-04-16,afternoon,take-out,42.0,21.0,3,2,0
7023,Smyrna,2026-04-16,evening,delivery,5.0,2.5,3,2,0
7024,Smyrna,2026-04-16,evening,dine-in,25.0,12.5,3,2,0
7025,Smyrna,2026-04-16,evening,take-out,24.0,12.0,3,2,0
7026,Smyrna,2026-04-16,morning,delivery,8.0,8.0,2,1,0
7027,Smyrna,2026-04-16,morning,dine-in,20.0,20.0,2,1,0
7028,Smyrna,2026-04-16,morning,take-out,18.0,18.0,2,1,0
7029,Smyrna,2026-04-17,afternoon,delivery,8.0,4.0,3,2,0
7030,Smyrna,2026-04-17,afternoon,dine-in,29.0,14.5,3,2,0
7031,Smyrna,2026-04-17,afternoon,take-out,23.0,11.5,3,2,0
7032,Smyrna,2026-04-17,morning,delivery,10.0,10.0,2,1,0
7033,Smyrna,2026-04-17,morning,dine-in,8.0,8.0,2,1,0
7034,Smyrna,2026-04-17,morning,take-out,14.0,14.0,2,1,0
7035,Smyrna,2026-04-18,afternoon,delivery,15.0,7.5,4,2,0
7036,Smyrna,2026-04-18,afternoon,dine-in,19.0,9.5,4,2,0
7037,Smyrna,2026-04-18,afternoon,take-out,32.0,16.0,4,2,0
7038,Smyrna,2026-04-18,evening,delivery,8.0,4.0,3,2,0
7039,Smyrna,2026-04-18,evening,dine-in,20.0,10.0,3,2,0
7040,Smyrna,2026-04-18,evening,take-out,18.0,9.0,3,2,0
7041,Smyrna,2026-04-18,morning,delivery,7.0,7.0,2,1,0
7042,Smyrna,2026-04-18,morning,dine-in,30.0,30.0,2,1,0
7043,Smyrna,2026-04-18,morning,take-out,12.0,12.0,2,1,0
7044,Smyrna,2026-04-19,afternoon,delivery,16.0,4.0,4,4,0
7045,Smyrna,2026-04-19,afternoon,dine-in,28.0,7.0,4,4,0
7046,Smyrna,2026-04-19,afternoon,take-out,29.0,7.25,4,4,0
7047,Smyrna,2026-04-19,evening,delivery,15.0,7.5,3,2,0
7048,Smyrna,2026-04-19,evening,dine-in,15.0,7.5,3,2,0
7049,Smyrna,2026-04-19,evening,take-out,25.0,12.5,3,2,0
7050,Smyrna,2026-04-19,morning,delivery,17.0,8.5,2,2,0
7051,Smyrna,2026-04-19,morning,dine-in,22.0,11.0,2,2,0
7052,Smyrna,2026-04-19,morning,take-out,7.0,3.5,2,2,0
7053,Smyrna,2026-04-20,afternoon,delivery,10.0,3.33,3,3,0
7054,Smyrna,2026-04-20,afternoon,dine-in,27.0,9.0,3,3,0
7055,Smyrna,2026-04-20,afternoon,take-out,26.0,8.67,3,3,0
7056,Smyrna,2026-04-20,evening,delivery,11.0,5.5,3,2,0
7057,Smyrna,2026-04-20,evening,dine-in,18.0,9.0,3,2,0
7058,Smyrna,2026-04-20,evening,take-out,16.0,8.0,3,2,0
7059,Smyrna,2026-04-21,afternoon,delivery,18.0,6.0,3,3,0
7060,Smyrna,2026-04-21,afternoon,dine-in,31.0,10.33,3,3,0
7061,Smyrna,2026-04-21,afternoon,take-out,24.0,8.0,3,3,0
7062,Smyrna,2026-04-21,evening,delivery,17.0,8.5,3,2,0
7063,Smyrna,2026-04-21,evening,dine-in,21.0,10.5,3,2,0
7064,Smyrna,2026-04-21,evening,take-out,14.0,7.0,3,2,0
7065,Smyrna,2026-04-22,afternoon,delivery,24.0,24.0,3,1,0
7066,Smyrna,2026-04-22,afternoon,dine-in,17.0,17.0,3,1,0
7067,Smyrna,2026-04-22,afternoon,take-out,18.0,18.0,3,1,0
7068,Smyrna,2026-04-22,morning,delivery,12.0,12.0,2,1,0
7069,Smyrna,2026-04-22,morning,dine-in,21.0,21.0,2,1,0
7070,Smyrna,2026-04-22,morning,take-out,13.0,13.0,2,1,0
7071,Smyrna,2026-04-23,afternoon,delivery,13.0,4.33,3,3,0
7072,Smyrna,2026-04-23,afternoon,dine-in,26.0,8.67,3,3,0
7073,Smyrna,2026-04-23,afternoon,take-out,23.0,7.67,3,3,0
7074,Smyrna,2026-04-23,evening,delivery,14.0,7.0,3,2,0
7075,Smyrna,2026-04-23,evening,dine-in,14.0,7.0,3,2,0
7076,Smyrna,2026-04-23,evening,take-out,16.0,8.0,3,2,0
7077,Smyrna,2026-04-23,morning,delivery,4.0,2.0,2,2,0
7078,Smyrna,2026-04-23,morning,dine-in,21.0,10.5,2,2,0
7079,Smyrna,2026-04-23,morning,take-out,20.0,10.0,2,2,0
7080,Smyrna,2026-04-24,afternoon,delivery,12.0,12.0,3,1,0
7081,Smyrna,2026-04-24,afternoon,dine-in,20.0,20.0,3,1,0
7082,Smyrna,2026-04-24,afternoon,take-out,27.0,27.0,3,1,0
7083,Smyrna,2026-04-24,evening,delivery,20.0,10.0,3,2,0
7084,Smyrna,2026-04-24,evening,dine-in,19.0,9.5,3,2,0
7085,Smyrna,2026-04-24,evening,take-out,17.0,8.5,3,2,0
7086,Smyrna,2026-04-24,morning,delivery,3.0,3.0,2,1,0
7087,Smyrna,2026-04-24,morning,dine-in,11.0,11.0,2,1,0
7088,Smyrna,2026-04-24,morning,take-out,18.0,18.0,2,1,0
7089,Smyrna,2026-04-25,evening,delivery,6.0,3.0,3,2,0
7090,Smyrna,2026-04-25,evening,dine-in,19.0,9.5,3,2,0
7091,Smyrna,2026-04-25,evening,take-out,25.0,12.5,3,2,0
7092,Smyrna,2026-04-25,morning,delivery,7.0,7.0,2,1,0
7093,Smyrna,2026-04-25,morning,dine-in,32.0,32.0,2,1,0
7094,Smyrna,2026-04-25,morning,take-out,10.0,10.0,2,1,0
7095,Smyrna,2026-04-26,afternoon,delivery,15.0,7.5,4,2,0
7096,Smyrna,2026-04-26,afternoon,dine-in,37.0,18.5,4,2,0
7097,Smyrna,2026-04-26,afternoon,take-out,32.0,16.0,4,2,0
7098,Smyrna,2026-04-26,evening,delivery,8.0,8.0,3,1,0
7099,Smyrna,2026-04-26,evening,dine-in,22.0,22.0,3,1,0
7100,Smyrna,2026-04-26,evening,take-out,32.0,32.0,3,1,0
7101,Smyrna,2026-04-27,afternoon,delivery,16.0,8.0,3,2,0
7102,Smyrna,2026-04-27,afternoon,dine-in,22.0,11.0,3,2,0
7103,Smyrna,2026-04-27,afternoon,take-out,23.0,11.5,3,2,0
7104,Smyrna,2026-04-27,evening,delivery,10.0,10.0,3,1,0
7105,Smyrna,2026-04-27,evening,dine-in,4.0,4.0,3,1,0
7106,Smyrna,2026-04-27,evening,take-out,21.0,21.0,3,1,0
7107,Smyrna,2026-04-27,morning,delivery,16.0,8.0,2,2,0
7108,Smyrna,2026-04-27,morning,dine-in,16.0,8.0,2,2,0
7109,Smyrna,2026-04-27,morning,take-out,14.0,7.0,2,2,0
7110,Smyrna,2026-04-28,afternoon,delivery,9.0,4.5,3,2,0
7111,Smyrna,2026-04-28,afternoon,dine-in,21.0,10.5,3,2,0
7112,Smyrna,2026-04-28,afternoon,take-out,28.0,14.0,3,2,0
7113,Smyrna,2026-04-28,morning,delivery,10.0,10.0,2,1,0
7114,Smyrna,2026-04-28,morning,dine-in,18.0,18.0,2,1,0
7115,Smyrna,2026-04-28,morning,take-out,8.0,8.0,2,1,0
7116,Smyrna,2026-04-29,afternoon,delivery,15.0,7.5,3,2,0
7117,Smyrna,2026-04-29,afternoon,dine-in,14.0,7.0,3,2,0
7118,Smyrna,2026-04-29,afternoon,take-out,35.0,17.5,3,2,0
7119,Smyrna,2026-04-29,evening,delivery,12.0,12.0,3,1,0
7120,Smyrna,2026-04-29,evening,dine-in,16.0,16.0,3,1,0
7121,Smyrna,2026-04-29,evening,take-out,20.0,20.0,3,1,0
7122,Smyrna,2026-04-29,morning,delivery,10.0,10.0,2,1,0
7123,Smyrna,2026-04-29,morning,dine-in,17.0,17.0,2,1,0
7124,Smyrna,2026-04-29,morning,take-out,17.0,17.0,2,1,0
7125,Smyrna,2026-04-30,evening,delivery,9.0,4.5,3,2,0
7126,Smyrna,2026-04-30,evening,dine-in,16.0,8.0,3,2,0
7127,Smyrna,2026-04-30,evening,take-out,15.0,7.5,3,2,0
7128,Smyrna,2026-04-30,morning,delivery,4.0,2.0,2,2,0
7129,Smyrna,2026-04-30,morning,dine-in,16.0,8.0,2,2,0
7130,Smyrna,2026-04-30,morning,take-out,15.0,7.5,2,2,0
7131,Smyrna,2026-05-01,evening,delivery,20.0,20.0,3,1,0
7132,Smyrna,2026-05-01,evening,dine-in,18.0,18.0,3,1,0
7133,Smyrna,2026-05-01,evening,take-out,6.0,6.0,3,1,0
7134,Smyrna,2026-05-01,morning,delivery,7.0,7.0,2,1,0
7135,Smyrna,2026-05-01,morning,dine-in,12.0,12.0,2,1,0
7136,Smyrna,2026-05-01,morning,take-out,26.0,26.0,2,1,0
7137,Smyrna,2026-05-02,afternoon,delivery,34.0,11.33,4,3,0
7138,Smyrna,2026-05-02,afternoon,dine-in,26.0,8.67,4,3,0
7139,Smyrna,2026-05-02,afternoon,take-out,29.0,9.67,4,3,0
7140,Smyrna,2026-05-02,evening,delivery,17.0,17.0,3,1,0
7141,Smyrna,2026-05-02,evening,dine-in,8.0,8.0,3,1,0
7142,Smyrna,2026-05-02,evening,take-out,18.0,18.0,3,1,0
7143,Smyrna,2026-05-02,morning,delivery,6.0,6.0,2,1,0
7144,Smyrna,2026-05-02,morning,dine-in,24.0,24.0,2,1,0
7145,Smyrna,2026-05-02,morning,take-out,19.0,19.0,2,1,0
7146,Smyrna,2026-05-03,afternoon,delivery,25.0,25.0,4,1,0
7147,Smyrna,2026-05-03,afternoon,dine-in,30.0,30.0,4,1,0
7148,Smyrna,2026-05-03,afternoon,take-out,28.0,28.0,4,1,0
7149,Smyrna,2026-05-03,evening,delivery,7.0,2.33,3,3,0
7150,Smyrna,2026-05-03,evening,dine-in,19.0,6.33,3,3,0
7151,Smyrna,2026-05-03,evening,take-out,26.0,8.67,3,3,0
7152,Smyrna,2026-05-03,morning,delivery,18.0,18.0,2,1,0
7153,Smyrna,2026-05-03,morning,dine-in,7.0,7.0,2,1,0
7154,Smyrna,2026-05-03,morning,take-out,25.0,25.0,2,1,0
7155,Smyrna,2026-05-04,afternoon,delivery,12.0,6.0,3,2,0
7156,Smyrna,2026-05-04,afternoon,dine-in,30.0,15.0,3,2,0
7157,Smyrna,2026-05-04,afternoon,take-out,31.0,15.5,3,2,0
7158,Smyrna,2026-05-04,evening,delivery,16.0,8.0,3,2,0
7159,Smyrna,2026-05-04,evening,dine-in,23.0,11.5,3,2,0
7160,Smyrna,2026-05-04,evening,take-out,14.0,7.0,3,2,0
7161,Smyrna,2026-05-04,morning,delivery,2.0,1.0,2,2,0
7162,Smyrna,2026-05-04,morning,dine-in,19.0,9.5,2,2,0
7163,Smyrna,2026-05-04,morning,take-out,19.0,9.5,2,2,0
7164,Smyrna,2026-05-05,afternoon,delivery,16.0,5.33,3,3,0
7165,Smyrna,2026-05-05,afternoon,dine-in,23.0,7.67,3,3,0
7166,Smyrna,2026-05-05,afternoon,take-out,20.0,6.67,3,3,0
7167,Smyrna,2026-05-05,evening,delivery,12.0,6.0,3,2,0
7168,Smyrna,2026-05-05,evening,dine-in,15.0,7.5,3,2,0
7169,Smyrna,2026-05-05,evening,take-out,19.0,9.5,3,2,0
7170,Smyrna,2026-05-05,morning,delivery,15.0,7.5,2,2,0
7171,Smyrna,2026-05-05,morning,dine-in,38.0,19.0,2,2,0
7172,Smyrna,2026-05-05,morning,take-out,5.0,2.5,2,2,0
7173,Smyrna,2026-05-06,afternoon,delivery,7.0,3.5,3,2,0
7174,Smyrna,2026-05-06,afternoon,dine-in,19.0,9.5,3,2,0
7175,Smyrna,2026-05-06,afternoon,take-out,33.0,16.5,3,2,0
7176,Smyrna,2026-05-06,evening,delivery,9.0,4.5,3,2,0
7177,Smyrna,2026-05-06,evening,dine-in,7.0,3.5,3,2,0
7178,Smyrna,2026-05-06,evening,take-out,18.0,9.0,3,2,0
7179,Smyrna,2026-05-06,morning,delivery,6.0,6.0,2,1,0
7180,Smyrna,2026-05-06,morning,dine-in,8.0,8.0,2,1,0
7181,Smyrna,2026-05-06,morning,take-out,25.0,25.0,2,1,0
7182,Smyrna,2026-05-07,afternoon,delivery,10.0,5.0,3,2,0
7183,Smyrna,2026-05-07,afternoon,dine-in,25.0,12.5,3,2,0
7184,Smyrna,2026-05-07,afternoon,take-out,35.0,17.5,3,2,0
7185,Smyrna,2026-05-07,evening,delivery,5.0,5.0,3,1,0
7186,Smyrna,2026-05-07,evening,dine-in,25.0,25.0,3,1,0
7187,Smyrna,2026-05-07,evening,take-out,11.0,11.0,3,1,0
7188,Smyrna,2026-05-07,morning,delivery,18.0,18.0,2,1,0
7189,Smyrna,2026-05-07,morning,dine-in,18.0,18.0,2,1,0
7190,Smyrna,2026-05-07,morning,take-out,8.0,8.0,2,1,0
7191,Smyrna,2026-05-08,afternoon,delivery,12.0,4.0,3,3,0
7192,Smyrna,2026-05-08,afternoon,dine-in,30.0,10.0,3,3,0
7193,Smyrna,2026-05-08,afternoon,take-out,30.0,10.0,3,3,0
7194,Smyrna,2026-05-08,evening,delivery,7.0,3.5,3,2,0
7195,Smyrna,2026-05-08,evening,dine-in,8.0,4.0,3,2,0
7196,Smyrna,2026-05-08,evening,take-out,19.0,9.5,3,2,0
7197,Smyrna,2026-05-08,morning,delivery,4.0,4.0,2,1,0
7198,Smyrna,2026-05-08,morning,dine-in,18.0,18.0,2,1,0
7199,Smyrna,2026-05-08,morning,take-out,19.0,19.0,2,1,0
7200,Smyrna,2026-05-09,afternoon,delivery,18.0,6.0,4,3,0
7201,Smyrna,2026-05-09,afternoon,dine-in,38.0,12.67,4,3,0
7202,Smyrna,2026-05-09,afternoon,take-out,43.0,14.33,4,3,0
7203,Smyrna,2026-05-09,evening,delivery,10.0,3.33,3,3,0
7204,Smyrna,2026-05-09,evening,dine-in,17.0,5.67,3,3,0
7205,Smyrna,2026-05-09,evening,take-out,27.0,9.0,3,3,0
7206,Smyrna,2026-05-09,morning,delivery,9.0,9.0,2,1,0
7207,Smyrna,2026-05-09,morning,dine-in,16.0,16.0,2,1,0
7208,Smyrna,2026-05-09,morning,take-out,22.0,22.0,2,1,0
7209,Smyrna,2026-05-10,afternoon,delivery,23.0,11.5,4,2,0
7210,Smyrna,2026-05-10,afternoon,dine-in,23.0,11.5,4,2,0
7211,Smyrna,2026-05-10,afternoon,take-out,42.0,21.0,4,2,0
7212,Smyrna,2026-05-10,evening,delivery,3.0,3.0,3,1,0
7213,Smyrna,2026-05-10,evening,dine-in,19.0,19.0,3,1,0
7214,Smyrna,2026-05-10,evening,take-out,40.0,40.0,3,1,0
7215,Smyrna,2026-05-10,morning,delivery,17.0,8.5,2,2,0
7216,Smyrna,2026-05-10,morning,dine-in,16.0,8.0,2,2,0
7217,Smyrna,2026-05-10,morning,take-out,21.0,10.5,2,2,0
7218,Smyrna,2026-05-11,afternoon,delivery,17.0,8.5,3,2,0
7219,Smyrna,2026-05-11,afternoon,dine-in,21.0,10.5,3,2,0
7220,Smyrna,2026-05-11,afternoon,take-out,29.0,14.5,3,2,0
7221,Smyrna,2026-05-11,evening,delivery,4.0,2.0,3,2,0
7222,Smyrna,2026-05-11,evening,dine-in,15.0,7.5,3,2,0
7223,Smyrna,2026-05-11,evening,take-out,20.0,10.0,3,2,0
7224,Smyrna,2026-05-12,afternoon,delivery,4.0,2.0,3,2,0
7225,Smyrna,2026-05-12,afternoon,dine-in,29.0,14.5,3,2,0
7226,Smyrna,2026-05-12,afternoon,take-out,36.0,18.0,3,2,0
7227,Smyrna,2026-05-12,evening,delivery,3.0,1.5,3,2,0
7228,Smyrna,2026-05-12,evening,dine-in,18.0,9.0,3,2,0
7229,Smyrna,2026-05-12,evening,take-out,25.0,12.5,3,2,0
7230,Smyrna,2026-05-12,morning,delivery,5.0,5.0,2,1,0
7231,Smyrna,2026-05-12,morning,dine-in,26.0,26.0,2,1,0
7232,Smyrna,2026-05-12,morning,take-out,21.0,21.0,2,1,0
7233,Smyrna,2026-05-13,afternoon,delivery,9.0,9.0,3,1,0
7234,Smyrna,2026-05-13,afternoon,dine-in,34.0,34.0,3,1,0
7235,Smyrna,2026-05-13,afternoon,take-out,20.0,20.0,3,1,0
7236,Smyrna,2026-05-13,evening,delivery,14.0,7.0,3,2,0
7237,Smyrna,2026-05-13,evening,dine-in,23.0,11.5,3,2,0
7238,Smyrna,2026-05-13,evening,take-out,14.0,7.0,3,2,0
7239,Smyrna,2026-05-13,morning,delivery,11.0,5.5,2,2,0
7240,Smyrna,2026-05-13,morning,dine-in,14.0,7.0,2,2,0
7241,Smyrna,2026-05-13,morning,take-out,10.0,5.0,2,2,0
7242,Smyrna,2026-05-14,afternoon,delivery,12.0,6.0,3,2,0
7243,Smyrna,2026-05-14,afternoon,dine-in,33.0,16.5,3,2,0
7244,Smyrna,2026-05-14,afternoon,take-out,40.0,20.0,3,2,0
7245,Smyrna,2026-05-14,evening,delivery,13.0,6.5,3,2,0
7246,Smyrna,2026-05-14,evening,dine-in,21.0,10.5,3,2,0
7247,Smyrna,2026-05-14,evening,take-out,14.0,7.0,3,2,0
7248,Smyrna,2026-05-15,afternoon,delivery,12.0,6.0,3,2,0
7249,Smyrna,2026-05-15,afternoon,dine-in,26.0,13.0,3,2,0
7250,Smyrna,2026-05-15,afternoon,take-out,44.0,22.0,3,2,0
7251,Smyrna,2026-05-15,evening,delivery,9.0,9.0,3,1,0
7252,Smyrna,2026-05-15,evening,dine-in,18.0,18.0,3,1,0
7253,Smyrna,2026-05-15,evening,take-out,15.0,15.0,3,1,0
7254,Smyrna,2026-05-15,morning,delivery,11.0,5.5,2,2,0
7255,Smyrna,2026-05-15,morning,dine-in,23.0,11.5,2,2,0
7256,Smyrna,2026-05-15,morning,take-out,5.0,2.5,2,2,0
7257,Smyrna,2026-05-16,afternoon,delivery,26.0,8.67,4,3,0
7258,Smyrna,2026-05-16,afternoon,dine-in,27.0,9.0,4,3,0
7259,Smyrna,2026-05-16,afternoon,take-out,30.0,10.0,4,3,0
7260,Smyrna,2026-05-16,evening,delivery,14.0,4.67,3,3,0
7261,Smyrna,2026-05-16,evening,dine-in,31.0,10.33,3,3,0
7262,Smyrna,2026-05-16,evening,take-out,19.0,6.33,3,3,0
7263,Smyrna,2026-05-17,afternoon,delivery,32.0,10.67,4,3,0
7264,Smyrna,2026-05-17,afternoon,dine-in,26.0,8.67,4,3,0
7265,Smyrna,2026-05-17,afternoon,take-out,29.0,9.67,4,3,0
7266,Smyrna,2026-05-17,evening,delivery,14.0,4.67,3,3,0
7267,Smyrna,2026-05-17,evening,dine-in,21.0,7.0,3,3,0
7268,Smyrna,2026-05-17,evening,take-out,19.0,6.33,3,3,0
7269,Smyrna,2026-05-18,evening,delivery,9.0,4.5,3,2,0
7270,Smyrna,2026-05-18,evening,dine-in,13.0,6.5,3,2,0
7271,Smyrna,2026-05-18,evening,take-out,22.0,11.0,3,2,0
7272,Smyrna,2026-05-18,morning,delivery,8.0,4.0,2,2,0
7273,Smyrna,2026-05-18,morning,dine-in,13.0,6.5,2,2,0
7274,Smyrna,2026-05-18,morning,take-out,14.0,7.0,2,2,0
7275,Smyrna,2026-05-19,afternoon,delivery,19.0,19.0,3,1,0
7276,Smyrna,2026-05-19,afternoon,dine-in,17.0,17.0,3,1,0
7277,Smyrna,2026-05-19,afternoon,take-out,30.0,30.0,3,1,0
7278,Smyrna,2026-05-19,evening,delivery,9.0,4.5,3,2,0
7279,Smyrna,2026-05-19,evening,dine-in,19.0,9.5,3,2,0
7280,Smyrna,2026-05-19,evening,take-out,15.0,7.5,3,2,0
7281,Smyrna,2026-05-19,morning,delivery,9.0,4.5,2,2,0
7282,Smyrna,2026-05-19,morning,dine-in,14.0,7.0,2,2,0
7283,Smyrna,2026-05-19,morning,take-out,22.0,11.0,2,2,0
7284,Smyrna,2026-05-20,evening,delivery,6.0,6.0,3,1,0
7285,Smyrna,2026-05-20,evening,dine-in,17.0,17.0,3,1,0
7286,Smyrna,2026-05-20,evening,take-out,19.0,19.0,3,1,0
7287,Smyrna,2026-05-21,afternoon,delivery,22.0,7.33,3,3,0
7288,Smyrna,2026-05-21,afternoon,dine-in,32.0,10.67,3,3,0
7289,Smyrna,2026-05-21,afternoon,take-out,30.0,10.0,3,3,0
7290,Smyrna,2026-05-21,evening,delivery,8.0,2.67,3,3,0
7291,Smyrna,2026-05-21,evening,dine-in,26.0,8.67,3,3,0
7292,Smyrna,2026-05-21,evening,take-out,5.0,1.67,3,3,0
7293,Smyrna,2026-05-21,morning,dine-in,11.0,11.0,2,1,0
7294,Smyrna,2026-05-21,morning,take-out,25.0,25.0,2,1,0
7295,Smyrna,2026-05-22,afternoon,delivery,16.0,16.0,3,1,0
7296,Smyrna,2026-05-22,afternoon,dine-in,17.0,17.0,3,1,0
7297,Smyrna,2026-05-22,afternoon,take-out,38.0,38.0,3,1,0
7298,Smyrna,2026-05-22,evening,delivery,4.0,2.0,3,2,0
7299,Smyrna,2026-05-22,evening,dine-in,20.0,10.0,3,2,0
7300,Smyrna,2026-05-22,evening,take-out,20.0,10.0,3,2,0
7301,Smyrna,2026-05-22,morning,delivery,8.0,8.0,2,1,0
7302,Smyrna,2026-05-22,morning,dine-in,27.0,27.0,2,1,0
7303,Smyrna,2026-05-22,morning,take-out,5.0,5.0,2,1,0
7304,Smyrna,2026-05-23,afternoon,delivery,20.0,10.0,4,2,0
7305,Smyrna,2026-05-23,afternoon,dine-in,26.0,13.0,4,2,0
7306,Smyrna,2026-05-23,afternoon,take-out,42.0,21.0,4,2,0
7307,Smyrna,2026-05-23,evening,delivery,11.0,11.0,3,1,0
7308,Smyrna,2026-05-23,evening,dine-in,19.0,19.0,3,1,0
7309,Smyrna,2026-05-23,evening,take-out,19.0,19.0,3,1,0
7310,Smyrna,2026-05-23,morning,delivery,9.0,9.0,2,1,0
7311,Smyrna,2026-05-23,morning,dine-in,23.0,23.0,2,1,0
7312,Smyrna,2026-05-23,morning,take-out,22.0,22.0,2,1,0
7313,Smyrna,2026-05-24,afternoon,delivery,19.0,9.5,4,2,0
7314,Smyrna,2026-05-24,afternoon,dine-in,27.0,13.5,4,2,0
7315,Smyrna,2026-05-24,afternoon,take-out,34.0,17.0,4,2,0
7316,Smyrna,2026-05-24,evening,delivery,11.0,11.0,3,1,0
7317,Smyrna,2026-05-24,evening,dine-in,19.0,19.0,3,1,0
7318,Smyrna,2026-05-24,evening,take-out,38.0,38.0,3,1,0
7319,Smyrna,2026-05-25,afternoon,delivery,18.0,18.0,3,1,0
7320,Smyrna,2026-05-25,afternoon,dine-in,31.0,31.0,3,1,0
7321,Smyrna,2026-05-25,afternoon,take-out,17.0,17.0,3,1,0
7322,Smyrna,2026-05-25,evening,delivery,14.0,4.67,3,3,0
7323,Smyrna,2026-05-25,evening,dine-in,11.0,3.67,3,3,0
7324,Smyrna,2026-05-25,evening,take-out,16.0,5.33,3,3,0
7325,Smyrna,2026-05-26,afternoon,delivery,11.0,5.5,3,2,0
7326,Smyrna,2026-05-26,afternoon,dine-in,24.0,12.0,3,2,0
7327,Smyrna,2026-05-26,afternoon,take-out,30.0,15.0,3,2,0
7328,Smyrna,2026-05-26,morning,delivery,7.0,3.5,2,2,0
7329,Smyrna,2026-05-26,morning,dine-in,22.0,11.0,2,2,0
7330,Smyrna,2026-05-26,morning,take-out,14.0,7.0,2,2,0
7331,Smyrna,2026-05-27,afternoon,delivery,19.0,9.5,3,2,0
7332,Smyrna,2026-05-27,afternoon,dine-in,32.0,16.0,3,2,0
7333,Smyrna,2026-05-27,afternoon,take-out,33.0,16.5,3,2,0
7334,Smyrna,2026-05-27,evening,delivery,19.0,19.0,3,1,0
7335,Smyrna,2026-05-27,evening,dine-in,22.0,22.0,3,1,0
7336,Smyrna,2026-05-27,evening,take-out,21.0,21.0,3,1,0
7337,Smyrna,2026-05-27,morning,delivery,4.0,2.0,2,2,0
7338,Smyrna,2026-05-27,morning,dine-in,16.0,8.0,2,2,0
7339,Smyrna,2026-05-27,morning,take-out,15.0,7.5,2,2,0
7340,Smyrna,2026-05-28,afternoon,delivery,9.0,9.0,3,1,0
7341,Smyrna,2026-05-28,afternoon,dine-in,35.0,35.0,3,1,0
7342,Smyrna,2026-05-28,afternoon,take-out,29.0,29.0,3,1,0
7343,Smyrna,2026-05-28,evening,delivery,2.0,2.0,3,1,0
7344,Smyrna,2026-05-28,evening,dine-in,19.0,19.0,3,1,0
7345,Smyrna,2026-05-28,evening,take-out,29.0,29.0,3,1,0
7346,Smyrna,2026-05-28,morning,delivery,14.0,14.0,2,1,0
7347,Smyrna,2026-05-28,morning,dine-in,8.0,8.0,2,1,0
7348,Smyrna,2026-05-28,morning,take-out,18.0,18.0,2,1,0
7349,Smyrna,2026-05-29,afternoon,delivery,9.0,4.5,3,2,0
7350,Smyrna,2026-05-29,afternoon,dine-in,18.0,9.0,3,2,0
7351,Smyrna,2026-05-29,afternoon,take-out,33.0,16.5,3,2,0
7352,Smyrna,2026-05-30,afternoon,delivery,14.0,4.67,4,3,0
7353,Smyrna,2026-05-30,afternoon,dine-in,33.0,11.0,4,3,0
7354,Smyrna,2026-05-30,afternoon,take-out,40.0,13.33,4,3,0
7355,Smyrna,2026-05-30,evening,delivery,9.0,4.5,3,2,0
7356,Smyrna,2026-05-30,evening,dine-in,35.0,17.5,3,2,0
7357,Smyrna,2026-05-30,evening,take-out,7.0,3.5,3,2,0
7358,Smyrna,2026-05-30,morning,delivery,9.0,9.0,2,1,0
7359,Smyrna,2026-05-30,morning,dine-in,27.0,27.0,2,1,0
7360,Smyrna,2026-05-30,morning,take-out,18.0,18.0,2,1,0
7361,Smyrna,2026-05-31,afternoon,delivery,16.0,8.0,4,2,0
7362,Smyrna,2026-05-31,afternoon,dine-in,36.0,18.0,4,2,0
7363,Smyrna,2026-05-31,afternoon,take-out,35.0,17.5,4,2,0
7364,Smyrna,2026-05-31,evening,delivery,24.0,12.0,3,2,0
7365,Smyrna,2026-05-31,evening,dine-in,12.0,6.0,3,2,0
7366,Smyrna,2026-05-31,evening,take-out,31.0,15.5,3,2,0
7367,Smyrna,2026-05-31,morning,delivery,3.0,3.0,2,1,0
7368,Smyrna,2026-05-31,morning,dine-in,36.0,36.0,2,1,0
7369,Smyrna,2026-05-31,morning,take-out,19.0,19.0,2,1,0
7370,Smyrna,2026-06-01,afternoon,delivery,7.0,7.0,3,1,0
7371,Smyrna,2026-06-01,afternoon,dine-in,28.0,28.0,3,1,0
7372,Smyrna,2026-06-01,afternoon,take-out,40.0,40.0,3,1,0
7373,Smyrna,2026-06-01,evening,delivery,11.0,5.5,3,2,0
7374,Smyrna,2026-06-01,evening,dine-in,23.0,11.5,3,2,0
7375,Smyrna,2026-06-01,evening,take-out,22.0,11.0,3,2,0
7376,Smyrna,2026-06-01,morning,delivery,10.0,5.0,2,2,0
7377,Smyrna,2026-06-01,morning,dine-in,18.0,9.0,2,2,0
7378,Smyrna,2026-06-01,morning,take-out,11.0,5.5,2,2,0
7379,Smyrna,2026-06-02,evening,delivery,9.0,4.5,3,2,0
7380,Smyrna,2026-06-02,evening,dine-in,16.0,8.0,3,2,0
7381,Smyrna,2026-06-02,evening,take-out,17.0,8.5,3,2,0
7382,Smyrna,2026-06-02,morning,delivery,1.0,1.0,2,1,0
7383,Smyrna,2026-06-02,morning,dine-in,14.0,14.0,2,1,0
7384,Smyrna,2026-06-02,morning,take-out,18.0,18.0,2,1,0
7385,Smyrna,2026-06-03,afternoon,delivery,13.0,6.5,3,2,0
7386,Smyrna,2026-06-03,afternoon,dine-in,32.0,16.0,3,2,0
7387,Smyrna,2026-06-03,afternoon,take-out,21.0,10.5,3,2,0
7388,Smyrna,2026-06-03,evening,delivery,11.0,11.0,3,1,0
7389,Smyrna,2026-06-03,evening,dine-in,24.0,24.0,3,1,0
7390,Smyrna,2026-06-03,evening,take-out,11.0,11.0,3,1,0
7391,Smyrna,2026-06-03,morning,delivery,8.0,8.0,2,1,0
7392,Smyrna,2026-06-03,morning,dine-in,25.0,25.0,2,1,0
7393,Smyrna,2026-06-03,morning,take-out,7.0,7.0,2,1,0
7394,Smyrna,2026-06-04,evening,delivery,9.0,4.5,3,2,0
7395,Smyrna,2026-06-04,evening,dine-in,31.0,15.5,3,2,0
7396,Smyrna,2026-06-04,evening,take-out,14.0,7.0,3,2,0
7397,Smyrna,2026-06-04,morning,delivery,10.0,10.0,2,1,0
7398,Smyrna,2026-06-04,morning,dine-in,13.0,13.0,2,1,0
7399,Smyrna,2026-06-04,morning,take-out,12.0,12.0,2,1,0
7400,Smyrna,2026-06-05,afternoon,delivery,29.0,29.0,3,1,0
7401,Smyrna,2026-06-05,afternoon,dine-in,24.0,24.0,3,1,0
7402,Smyrna,2026-06-05,afternoon,take-out,20.0,20.0,3,1,0
7403,Smyrna,2026-06-05,evening,delivery,15.0,7.5,3,2,0
7404,Smyrna,2026-06-05,evening,dine-in,25.0,12.5,3,2,0
7405,Smyrna,2026-06-05,evening,take-out,14.0,7.0,3,2,0
7406,Smyrna,2026-06-05,morning,delivery,4.0,2.0,2,2,0
7407,Smyrna,2026-06-05,morning,dine-in,14.0,7.0,2,2,0
7408,Smyrna,2026-06-05,morning,take-out,30.0,15.0,2,2,0
7409,Smyrna,2026-06-06,afternoon,delivery,14.0,7.0,4,2,0
7410,Smyrna,2026-06-06,afternoon,dine-in,38.0,19.0,4,2,0
7411,Smyrna,2026-06-06,afternoon,take-out,39.0,19.5,4,2,0
7412,Smyrna,2026-06-06,evening,delivery,8.0,4.0,3,2,0
7413,Smyrna,2026-06-06,evening,dine-in,33.0,16.5,3,2,0
7414,Smyrna,2026-06-06,evening,take-out,38.0,19.0,3,2,0
7415,Smyrna,2026-06-07,afternoon,delivery,14.0,14.0,4,1,0
7416,Smyrna,2026-06-07,afternoon,dine-in,17.0,17.0,4,1,0
7417,Smyrna,2026-06-07,afternoon,take-out,52.0,52.0,4,1,0
7418,Smyrna,2026-06-07,evening,delivery,22.0,11.0,3,2,0
7419,Smyrna,2026-06-07,evening,dine-in,13.0,6.5,3,2,0
7420,Smyrna,2026-06-07,evening,take-out,19.0,9.5,3,2,0
7421,Smyrna,2026-06-07,morning,delivery,9.0,9.0,2,1,0
7422,Smyrna,2026-06-07,morning,dine-in,17.0,17.0,2,1,0
7423,Smyrna,2026-06-07,morning,take-out,21.0,21.0,2,1,0
7424,Smyrna,2026-06-08,afternoon,delivery,21.0,10.5,3,2,0
7425,Smyrna,2026-06-08,afternoon,dine-in,22.0,11.0,3,2,0
7426,Smyrna,2026-06-08,afternoon,take-out,29.0,14.5,3,2,0
7427,Smyrna,2026-06-08,evening,delivery,8.0,8.0,3,1,0
7428,Smyrna,2026-06-08,evening,dine-in,11.0,11.0,3,1,0
7429,Smyrna,2026-06-08,evening,take-out,15.0,15.0,3,1,0
7430,Smyrna,2026-06-08,morning,delivery,5.0,5.0,2,1,0
7431,Smyrna,2026-06-08,morning,dine-in,8.0,8.0,2,1,0
7432,Smyrna,2026-06-08,morning,take-out,18.0,18.0,2,1,0
7433,Smyrna,2026-06-09,afternoon,delivery,6.0,3.0,3,2,0
7434,Smyrna,2026-06-09,afternoon,dine-in,38.0,19.0,3,2,0
7435,Smyrna,2026-06-09,afternoon,take-out,28.0,14.0,3,2,0
7436,Smyrna,2026-06-09,evening,delivery,12.0,12.0,3,1,0
7437,Smyrna,2026-06-09,evening,dine-in,27.0,27.0,3,1,0
7438,Smyrna,2026-06-09,evening,take-out,14.0,14.0,3,1,0
7439,Smyrna,2026-06-09,morning,delivery,7.0,7.0,2,1,0
7440,Smyrna,2026-06-09,morning,dine-in,16.0,16.0,2,1,0
7441,Smyrna,2026-06-09,morning,take-out,18.0,18.0,2,1,0
7442,Smyrna,2026-06-10,afternoon,delivery,16.0,5.33,3,3,0
7443,Smyrna,2026-06-10,afternoon,dine-in,16.0,5.33,3,3,0
7444,Smyrna,2026-06-10,afternoon,take-out,49.0,16.33,3,3,0
7445,Smyrna,2026-06-10,evening,delivery,11.0,3.67,3,3,0
7446,Smyrna,2026-06-10,evening,dine-in,25.0,8.33,3,3,0
7447,Smyrna,2026-06-10,evening,take-out,25.0,8.33,3,3,0
7448,Smyrna,2026-06-10,morning,delivery,6.0,6.0,2,1,0
7449,Smyrna,2026-06-10,morning,dine-in,20.0,20.0,2,1,0
7450,Smyrna,2026-06-10,morning,take-out,16.0,16.0,2,1,0
7451,Smyrna,2026-06-11,afternoon,delivery,9.0,9.0,3,1,0
7452,Smyrna,2026-06-11,afternoon,dine-in,37.0,37.0,3,1,0
7453,Smyrna,2026-06-11,afternoon,take-out,24.0,24.0,3,1,0
7454,Smyrna,2026-06-11,evening,delivery,8.0,8.0,3,1,0
7455,Smyrna,2026-06-11,evening,dine-in,19.0,19.0,3,1,0
7456,Smyrna,2026-06-11,evening,take-out,34.0,34.0,3,1,0
7457,Smyrna,2026-06-11,morning,delivery,14.0,14.0,2,1,0
7458,Smyrna,2026-06-11,morning,dine-in,12.0,12.0,2,1,0
7459,Smyrna,2026-06-11,morning,take-out,11.0,11.0,2,1,0
7460,Smyrna,2026-06-12,evening,delivery,2.0,2.0,3,1,0
7461,Smyrna,2026-06-12,evening,dine-in,25.0,25.0,3,1,0
7462,Smyrna,2026-06-12,evening,take-out,22.0,22.0,3,1,0
7463,Smyrna,2026-06-12,morning,delivery,6.0,6.0,2,1,0
7464,Smyrna,2026-06-12,morning,dine-in,13.0,13.0,2,1,0
7465,Smyrna,2026-06-12,morning,take-out,22.0,22.0,2,1,0
7466,Smyrna,2026-06-13,afternoon,delivery,23.0,7.67,4,3,0
7467,Smyrna,2026-06-13,afternoon,dine-in,35.0,11.67,4,3,0
7468,Smyrna,2026-06-13,afternoon,take-out,32.0,10.67,4,3,0
7469,Smyrna,2026-06-13,evening,delivery,15.0,7.5,3,2,0
7470,Smyrna,2026-06-13,evening,dine-in,6.0,3.0,3,2,0
7471,Smyrna,2026-06-13,evening,take-out,24.0,12.0,3,2,0
7472,Smyrna,2026-06-13,morning,delivery,7.0,3.5,2,2,0
7473,Smyrna,2026-06-13,morning,dine-in,18.0,9.0,2,2,0
7474,Smyrna,2026-06-13,morning,take-out,38.0,19.0,2,2,0
7475,Smyrna,2026-06-14,afternoon,delivery,42.0,42.0,4,1,0
7476,Smyrna,2026-06-14,afternoon,dine-in,22.0,22.0,4,1,0
7477,Smyrna,2026-06-14,afternoon,take-out,22.0,22.0,4,1,0
7478,Smyrna,2026-06-14,evening,delivery,8.0,8.0,3,1,0
7479,Smyrna,2026-06-14,evening,dine-in,17.0,17.0,3,1,0
7480,Smyrna,2026-06-14,evening,take-out,26.0,26.0,3,1,0
7481,Smyrna,2026-06-14,morning,delivery,9.0,9.0,2,1,0
7482,Smyrna,2026-06-14,morning,dine-in,26.0,26.0,2,1,0
7483,Smyrna,2026-06-14,morning,take-out,29.0,29.0,2,1,0
7484,Smyrna,2026-06-15,afternoon,delivery,15.0,7.5,4,2,1
7485,Smyrna,2026-06-15,afternoon,dine-in,57.0,28.5,4,2,1
7486,Smyrna,2026-06-15,afternoon,take-out,58.0,29.0,4,2,1
7487,Smyrna,2026-06-15,evening,delivery,21.0,21.0,3,1,1
7488,Smyrna,2026-06-15,evening,dine-in,15.0,15.0,3,1,1
7489,Smyrna,2026-06-15,evening,take-out,31.0,31.0,3,1,1
7490,Smyrna,2026-06-15,morning,delivery,27.0,27.0,2,1,1
7491,Smyrna,2026-06-15,morning,dine-in,44.0,44.0,2,1,1
7492,Smyrna,2026-06-15,morning,take-out,19.0,19.0,2,1,1
7493,Smyrna,2026-06-16,afternoon,delivery,15.0,5.0,3,3,0
7494,Smyrna,2026-06-16,afternoon,dine-in,29.0,9.67,3,3,0
7495,Smyrna,2026-06-16,afternoon,take-out,22.0,7.33,3,3,0
7496,Smyrna,2026-06-16,evening,delivery,7.0,7.0,3,1,0
7497,Smyrna,2026-06-16,evening,dine-in,20.0,20.0,3,1,0
7498,Smyrna,2026-06-16,evening,take-out,10.0,10.0,3,1,0
7499,Smyrna,2026-06-17,afternoon,delivery,21.0,10.5,3,2,0
7500,Smyrna,2026-06-17,afternoon,dine-in,26.0,13.0,3,2,0
7501,Smyrna,2026-06-17,afternoon,take-out,8.0,4.0,3,2,0
7502,Smyrna,2026-06-17,evening,delivery,14.0,14.0,3,1,0
7503,Smyrna,2026-06-17,evening,dine-in,16.0,16.0,3,1,0
7504,Smyrna,2026-06-17,evening,take-out,9.0,9.0,3,1,0
7505,Smyrna,2026-06-17,morning,delivery,8.0,4.0,2,2,0
7506,Smyrna,2026-06-17,morning,dine-in,24.0,12.0,2,2,0
7507,Smyrna,2026-06-17,morning,take-out,17.0,8.5,2,2,0
7508,Smyrna,2026-06-18,afternoon,delivery,15.0,7.5,4,2,1
7509,Smyrna,2026-06-18,afternoon,dine-in,34.0,17.0,4,2,1
7510,Smyrna,2026-06-18,afternoon,take-out,62.0,31.0,4,2,1
7511,Smyrna,2026-06-18,evening,delivery,4.0,1.33,3,3,1
7512,Smyrna,2026-06-18,evening,dine-in,36.0,12.0,3,3,1
7513,Smyrna,2026-06-18,evening,take-out,18.0,6.0,3,3,1
7514,Smyrna,2026-06-18,morning,delivery,11.0,11.0,2,1,1
7515,Smyrna,2026-06-18,morning,dine-in,39.0,39.0,2,1,1
7516,Smyrna,2026-06-18,morning,take-out,14.0,14.0,2,1,1
7517,Smyrna,2026-06-19,afternoon,delivery,22.0,7.33,3,3,0
7518,Smyrna,2026-06-19,afternoon,dine-in,17.0,5.67,3,3,0
7519,Smyrna,2026-06-19,afternoon,take-out,26.0,8.67,3,3,0
7520,Smyrna,2026-06-19,evening,delivery,8.0,8.0,3,1,0
7521,Smyrna,2026-06-19,evening,dine-in,10.0,10.0,3,1,0
7522,Smyrna,2026-06-19,evening,take-out,40.0,40.0,3,1,0
7523,Smyrna,2026-06-20,afternoon,delivery,25.0,25.0,4,1,0
7524,Smyrna,2026-06-20,afternoon,dine-in,35.0,35.0,4,1,0
7525,Smyrna,2026-06-20,afternoon,take-out,30.0,30.0,4,1,0
7526,Smyrna,2026-06-20,evening,delivery,16.0,16.0,3,1,0
7527,Smyrna,2026-06-20,evening,dine-in,23.0,23.0,3,1,0
7528,Smyrna,2026-06-20,evening,take-out,17.0,17.0,3,1,0
7529,Smyrna,2026-06-20,morning,delivery,15.0,15.0,2,1,0
7530,Smyrna,2026-06-20,morning,dine-in,31.0,31.0,2,1,0
7531,Smyrna,2026-06-20,morning,take-out,18.0,18.0,2,1,0
7532,Smyrna,2026-06-21,afternoon,delivery,25.0,12.5,4,2,1
7533,Smyrna,2026-06-21,afternoon,dine-in,62.0,31.0,4,2,1
7534,Smyrna,2026-06-21,afternoon,take-out,52.0,26.0,4,2,1
7535,Smyrna,2026-06-21,evening,delivery,14.0,7.0,3,2,1
7536,Smyrna,2026-06-21,evening,dine-in,27.0,13.5,3,2,1
7537,Smyrna,2026-06-21,evening,take-out,27.0,13.5,3,2,1
7538,Smyrna,2026-06-21,morning,delivery,28.0,14.0,2,2,1
7539,Smyrna,2026-06-21,morning,dine-in,17.0,8.5,2,2,1
7540,Smyrna,2026-06-21,morning,take-out,46.0,23.0,2,2,1
7541,Smyrna,2026-06-22,afternoon,delivery,18.0,6.0,3,3,0
7542,Smyrna,2026-06-22,afternoon,dine-in,40.0,13.33,3,3,0
7543,Smyrna,2026-06-22,afternoon,take-out,18.0,6.0,3,3,0
7544,Smyrna,2026-06-22,evening,delivery,8.0,4.0,3,2,0
7545,Smyrna,2026-06-22,evening,dine-in,15.0,7.5,3,2,0
7546,Smyrna,2026-06-22,evening,take-out,27.0,13.5,3,2,0
7547,Smyrna,2026-06-22,morning,delivery,1.0,1.0,2,1,0
7548,Smyrna,2026-06-22,morning,dine-in,25.0,25.0,2,1,0
7549,Smyrna,2026-06-22,morning,take-out,24.0,24.0,2,1,0
7550,Smyrna,2026-06-23,afternoon,delivery,8.0,4.0,3,2,0
7551,Smyrna,2026-06-23,afternoon,dine-in,44.0,22.0,3,2,0
7552,Smyrna,2026-06-23,afternoon,take-out,26.0,13.0,3,2,0
7553,Smyrna,2026-06-23,morning,delivery,12.0,6.0,2,2,0
7554,Smyrna,2026-06-23,morning,dine-in,8.0,4.0,2,2,0
7555,Smyrna,2026-06-23,morning,take-out,26.0,13.0,2,2,0
7556,Smyrna,2026-06-24,afternoon,delivery,32.0,10.67,4,3,1
7557,Smyrna,2026-06-24,afternoon,dine-in,47.0,15.67,4,3,1
7558,Smyrna,2026-06-24,afternoon,take-out,27.0,9.0,4,3,1
7559,Smyrna,2026-06-24,morning,delivery,15.0,7.5,2,2,1
7560,Smyrna,2026-06-24,morning,dine-in,12.0,6.0,2,2,1
7561,Smyrna,2026-06-24,morning,take-out,16.0,8.0,2,2,1
7562,Smyrna,2026-06-25,afternoon,delivery,17.0,17.0,3,1,0
7563,Smyrna,2026-06-25,afternoon,dine-in,38.0,38.0,3,1,0
7564,Smyrna,2026-06-25,afternoon,take-out,28.0,28.0,3,1,0
7565,Smyrna,2026-06-25,evening,delivery,7.0,2.33,3,3,0
7566,Smyrna,2026-06-25,evening,dine-in,19.0,6.33,3,3,0
7567,Smyrna,2026-06-25,evening,take-out,21.0,7.0,3,3,0
7568,Smyrna,2026-06-26,afternoon,delivery,14.0,4.67,3,3,0
7569,Smyrna,2026-06-26,afternoon,dine-in,23.0,7.67,3,3,0
7570,Smyrna,2026-06-26,afternoon,take-out,14.0,4.67,3,3,0
7571,Smyrna,2026-06-26,morning,delivery,10.0,5.0,2,2,0
7572,Smyrna,2026-06-26,morning,dine-in,18.0,9.0,2,2,0
7573,Smyrna,2026-06-26,morning,take-out,16.0,8.0,2,2,0
7574,Smyrna,2026-06-27,afternoon,delivery,28.0,14.0,4,2,1
7575,Smyrna,2026-06-27,afternoon,dine-in,73.0,36.5,4,2,1
7576,Smyrna,2026-06-27,afternoon,take-out,26.0,13.0,4,2,1
7577,Smyrna,2026-06-27,evening,delivery,27.0,27.0,3,1,1
7578,Smyrna,2026-06-27,evening,dine-in,37.0,37.0,3,1,1
7579,Smyrna,2026-06-27,evening,take-out,59.0,59.0,3,1,1
7580,Smyrna,2026-06-27,morning,delivery,15.0,7.5,2,2,1
7581,Smyrna,2026-06-27,morning,dine-in,27.0,13.5,2,2,1
7582,Smyrna,2026-06-27,morning,take-out,43.0,21.5,2,2,1
7583,Smyrna,2026-06-28,afternoon,delivery,12.0,4.0,4,3,0
7584,Smyrna,2026-06-28,afternoon,dine-in,41.0,13.67,4,3,0
7585,Smyrna,2026-06-28,afternoon,take-out,41.0,13.67,4,3,0
7586,Smyrna,2026-06-28,evening,delivery,19.0,19.0,3,1,0
7587,Smyrna,2026-06-28,evening,dine-in,7.0,7.0,3,1,0
7588,Smyrna,2026-06-28,evening,take-out,26.0,26.0,3,1,0
7589,Smyrna,2026-06-29,afternoon,delivery,16.0,5.33,3,3,0
7590,Smyrna,2026-06-29,afternoon,dine-in,23.0,7.67,3,3,0
7591,Smyrna,2026-06-29,afternoon,take-out,27.0,9.0,3,3,0
7592,Smyrna,2026-06-29,evening,delivery,2.0,2.0,3,1,0
7593,Smyrna,2026-06-29,evening,dine-in,34.0,34.0,3,1,0
7594,Smyrna,2026-06-29,evening,take-out,7.0,7.0,3,1,0
7595,Smyrna,2026-06-29,morning,delivery,16.0,8.0,2,2,0
7596,Smyrna,2026-06-29,morning,dine-in,23.0,11.5,2,2,0
7597,Smyrna,2026-06-29,morning,take-out,17.0,8.5,2,2,0
7598,Smyrna,2026-06-30,afternoon,delivery,9.0,4.5,3,2,0
7599,Smyrna,2026-06-30,afternoon,dine-in,28.0,14.0,3,2,0
7600,Smyrna,2026-06-30,afternoon,take-out,24.0,12.0,3,2,0
7601,Smyrna,2026-06-30,evening,delivery,10.0,10.0,3,1,0
7602,Smyrna,2026-06-30,evening,dine-in,15.0,15.0,3,1,0
7603,Smyrna,2026-06-30,evening,take-out,21.0,21.0,3,1,0
